0.043453216552734, -0.014882802963257, -0.010866165161133, -0.013136625289917, -0.035149335861206, -0.025771856307983, -0.10224390029907, -0.044519662857056, -0.13060164451599, -0.19221663475037, -0.24722218513489, -0.2312970161438, -0.223219871521, -0.21711444854736, -0.20170283317566, -0.16682386398315, -0.16117691993713, -0.15668058395386, -0.10591173171997, -0.15807557106018, -0.11986088752747, -0.1720130443573, -0.13174629211426, -0.15200614929199, -0.17292261123657, -0.18194532394409, -0.15725088119507, -0.10922932624817, -0.14350843429565, -0.13802647590637, -0.1929497718811, -0.3267514705658, -0.29133629798889, -0.13117408752441, -0.11344122886658, -0.06588339805603, -0.11293959617615, -0.098362445831299, 0.035048484802246, 0.13728141784668, 0.21169829368591, 0.28784513473511, 0.32151746749878, 0.37289071083069, 0.34231567382813
0.043453216552734, -0.020816326141357, -0.010122299194336, -0.034557342529297, -0.040158987045288, -0.023188829421997, -0.097980737686157, -0.023539543151856, -0.10004949569702, -0.15964221954346, -0.21731758117676, -0.21063995361328, -0.18283247947693, -0.18575811386108, -0.19395780563355, -0.16222333908081, -0.15345001220703, -0.15380454063416, -0.064967155456543, -0.15481233596802, -0.11682963371277, -0.21433568000793, -0.14507532119751, -0.17787170410156, -0.22618436813355, -0.23871374130249, -0.20601177215576, -0.16553783416748, -0.23431754112244, -0.32566022872925, -0.3814423084259, -0.43897294998169, -0.48002004623413, -0.28147387504578, -0.21888589859009, -0.099784374237061, -0.075769901275635, -0.024157047271728, 0.070738792419434, 0.18213438987732, 0.2482373714447, 0.30545401573181, 0.34288740158081, 0.38362216949463, 0.34231567382813
0.043453216552734, -0.025832176208496, -0.0096058845520019, -0.05648398399353, -0.041357755661011, -0.017252683639526, -0.092623233795166, -0.0036380290985107, -0.0709228515625, -0.13974237442017, -0.19442486763, -0.19696998596191, -0.16538310050964, -0.17704939842224, -0.18426728248596, -0.16238379478455, -0.16533541679382, -0.15092134475708, -0.066429615020752, -0.11027193069458, -0.12363219261169, -0.18471717834473, -0.17932653427124, -0.20983362197876, -0.22021436691284, -0.24431204795837, -0.19767737388611, -0.20248770713806, -0.17819905281067, -0.28895545005798, -0.44594502449036, -0.40083169937134, -0.42527890205383, -0.39172887802124, -0.34400725364685, -0.15535569190979, -0.028732776641846, 0.052234411239624, 0.10868740081787, 0.23117017745972, 0.28994083404541, 0.32331418991089, 0.36638498306274, 0.39364409446716, 0.34231567382813
0.043453216552734, -0.029916763305664, -0.0093245506286621, -0.078825950622559, -0.043206453323364, -0.0092968940734863, -0.10425877571106, -0.015729427337647, -0.072534561157227, -0.14027166366577, -0.17749834060669, -0.18340682983398, -0.15743565559387, -0.17292165756226, -0.15919899940491, -0.16122102737427, -0.15270781517029, -0.1501054763794, -0.079129695892334, -0.028502941131592, -0.059248685836792, -0.12892293930054, -0.18720054626465, -0.19140934944153, -0.19706034660339, -0.18920683860779, -0.16758823394775, -0.2118661403656, -0.14107298851013, -0.20573258399963, -0.28154826164246, -0.18880558013916, -0.18172454833984, -0.4034686088562, -0.45354723930359, -0.24450945854187, -0.033555269241333, 0.089632511138916, 0.13987588882446, 0.27677154541016, 0.33921647071838, 0.34134244918823, 0.39220237731934, 0.40427589416504, 0.34231376647949
0.043453216552734, -0.033054828643799, -0.0092744827270508, -0.10150170326233, -0.044250011444092, -0.022305250167847, -0.11939382553101, -0.033308267593384, -0.072137832641602, -0.12833261489868, -0.17846894264221, -0.17753911018372, -0.13738536834717, -0.13191866874695, -0.12139630317688, -0.17798566818237, -0.12209606170654, -0.14655494689941, -0.10551738739014, -0.049256324768066, -0.059290647506714, -0.11491870880127, -0.16660356521606, -0.165114402771, -0.15784478187561, -0.11182451248169, -0.099668741226196, -0.16738510131836, -0.13109421730042, -0.093828678131104, -0.064141035079956, 0.22789001464844, 0.36692452430725, 0.13384199142456, -0.092125654220581, -0.17119288444519, -0.008681058883667, 0.1316659450531, 0.1803150177002, 0.31318616867065, 0.37528443336487, 0.35944318771362, 0.41991209983826, 0.41549301147461, 0.34231376647949
0.043453216552734, -0.035242319107056, -0.0094614028930664, -0.12284851074219, -0.037089586257935, -0.0404372215271, -0.1115038394928, -0.06029462814331, -0.089117527008057, -0.15918970108032, -0.21956849098206, -0.17390131950378, -0.11890459060669, -0.1271767616272, -0.15973258018494, -0.25228428840637, -0.22761273384094, -0.18125629425049, -0.16573572158813, -0.16832542419434, -0.095249652862549, -0.14434242248535, -0.14385914802551, -0.11919450759888, -0.090133905410767, -0.04450798034668, -0.033811092376709, -0.034401416778565, -0.0028190612792969, 0.014471292495727, 0.013331651687622, 0.1319625377655, 0.32943844795227, 0.39369392395019, 0.20161247253418, 0.023087024688721, 0.043492555618286, 0.1268527507782, 0.22494626045227, 0.35399603843689, 0.39028882980347, 0.37751626968384, 0.44695329666138, 0.42513060569763, 0.34231376647949
0.043453216552734, -0.03646993637085, -0.0098795890808106, -0.10353183746338, -0.024281740188599, -0.044107675552368, -0.10087490081787, -0.075345993041992, -0.11887741088867, -0.19286894798279, -0.24853515625, -0.19476795196533, -0.19808268547058, -0.20718884468079, -0.24050951004028, -0.30598139762878, -0.29924702644348, -0.13076829910278, -0.027378797531128, 0.083603382110596, -0.023674964904785, -0.11370277404785, -0.12794280052185, -0.076868057250977, -0.045672655105591, -0.011128425598145, -0.014307975769043, 0.11168146133423, 0.16258239746094, 0.083917617797852, 0.03778862953186, 0.077522277832031, 0.099404335021973, 0.06676173210144, 0.17669725418091, 0.27213263511658, 0.12031936645508, 0.11212491989136, 0.22119951248169, 0.38635516166687, 0.40454959869385, 0.38866758346558, 0.47205948829651, 0.42660689353943, 0.34231376647949
0.043453216552734, -0.036730051040649, -0.010529041290283, -0.074718952178955, -0.0036578178405762, -0.019888877868652, -0.098190546035767, -0.092661619186401, -0.13046073913574, -0.21035289764404, -0.28893971443176, -0.24597024917603, -0.25802493095398, -0.23055171966553, -0.13620662689209, -0.049693822860718, 0.015772104263306, 0.084234476089477, 0.048698902130127, 0.12901568412781, 0.035017967224121, -0.079996347427368, -0.14813017845154, -0.1391396522522, -0.065554141998291, -0.042066812515259, -0.093082427978516, 0.0058517456054688, 0.064937829971314, 0.015755414962769, -0.026189804077148, 0.014539241790772, -0.036410093307495, -0.204758644104, -0.025717735290527, 0.1838653087616, 0.21196269989014, 0.092024803161621, 0.20182466506958, 0.41363596916199, 0.41872715950012, 0.39514064788818, 0.49460315704346, 0.4276967048645, 0.34231376647949
0.043453216552734, -0.03603196144104, -0.0091068744659424, -0.043042659759521, 0.014881134033203, -0.0085437297821045, -0.09435772895813, -0.11230301856995, -0.15084171295166, -0.24065685272217, -0.32830190658569, -0.29222774505615, -0.22465014457703, -0.026477098464966, 0.030429363250732, 0.14081335067749, 0.20110583305359, 0.12400627136231, 0.079660177230835, 0.16881513595581, 0.23335433006287, 0.28067970275879, 0.20859265327454, -0.068717956542969, -0.098394155502319, -0.085524559020996, -0.060748815536499, -0.021456718444824, -0.03025221824646, -0.04777717590332, 0.0060906410217285, 0.0044810771942139, -0.080679416656494, -0.20647692680359, -0.15397667884827, 0.08295464515686, 0.19158625602722, 0.18801832199097, 0.20980095863342, 0.44173264503479, 0.43155479431152, 0.40154123306274, 0.5049159526825, 0.42839503288269, 0.34231376647949
0.043453216552734, -0.034370183944702, -0.0052087306976318, -0.010066032409668, 0.023121118545532, 0.012356758117676, -0.089289665222168, -0.17502951622009, -0.20135402679443, -0.27242803573608, -0.3608877658844, -0.32819771766663, -0.14332580566406, -0.045220613479614, 0.082602739334106, 0.099905490875244, 0.042261362075806, 0.023155212402344, 0.10875129699707, 0.25167036056519, 0.30712914466858, 0.27987217903137, 0.19843506813049, 0.056475639343262, 0.00069260597229004, -0.016473531723022, -0.035691738128662, -0.064594507217407, -0.086036205291748, -0.01268744468689, 0.01551365852356, -0.042403221130371, -0.11508560180664, -0.16457867622375, -0.088756561279297, 0.042512178421021, 0.14401936531067, 0.34332251548767, 0.37551617622375, 0.4552149772644, 0.43957614898682, 0.42037320137024, 0.51088571548462, 0.42869138717651, 0.34231376647949
0.043453216552734, -0.031750440597534, -0.0017304420471191, 0.0071890354156494, 0.010851860046387, 0.023176431655884, -0.11392092704773, -0.22290897369385, -0.29488062858581, -0.28766465187073, -0.32262015342712, -0.22816777229309, -0.14359998703003, -0.055285453796387, 0.024190664291382, -0.041198492050171, 0.0022342205047607, 0.11749482154846, 0.16869044303894, 0.15098834037781, 0.13527131080627, 0.20788598060608, 0.15268135070801, 0.16358423233032, 0.19405603408813, 0.098543405532837, 0.027072668075561, 0.0098776817321777, -0.048653602600098, 0.013806104660034, -0.013533592224121, -0.043187856674194, -0.10297417640686, -0.10072755813599, -0.064133882522583, 0.027046918869019, 0.18474841117859, 0.29583835601807, 0.52881097793579, 0.48048830032349, 0.45423054695129, 0.44396471977234, 0.51263928413391, 0.4285786151886, 0.34231376647949
0.043453216552734, -0.0281822681427, 0.0010135173797607, 0.025775671005249, -0.0022006034851074, 0.020017147064209, -0.14767789840698, -0.26548337936401, -0.34222221374512, -0.28040480613709, -0.25346112251282, -0.1639130115509, -0.14028668403625, -0.10228633880615, -0.056294441223144, 0.021637439727783, 0.11273908615112, 0.14304041862488, 0.095476865768433, 0.044862508773804, 0.015759229660034, 0.07548975944519, 0.14451432228088, 0.18893980979919, 0.31714868545532, 0.097211599349976, 0.099055290222168, 0.13984942436218, 0.10207605361939, 0.068999290466309, 0.032830476760864, -0.056939363479614, -0.10765242576599, -0.072004556655884, -0.029670000076294, 0.049605369567871, 0.21664214134216, 0.31044244766235, 0.53221249580383, 0.57967185974121, 0.47843885421753, 0.47071814537048, 0.50459456443787, 0.42805409431457, 0.34231376647949
0.043453216552734, -0.02377462387085, 0.0034992694854736, 0.045712947845459, 0.0085239410400391, -0.009242057800293, -0.18217706680298, -0.32260298728943, -0.31226015090942, -0.27079081535339, -0.17779397964478, -0.14130902290344, -0.10931992530823, -0.10366272926331, -0.064403772354126, -0.0077128410339356, 0.01924204826355, 0.068422317504883, 0.035862445831299, -0.023426055908203, -0.053315401077271, 0.0066759586334228, 0.092400312423706, 0.24527883529663, 0.1950695514679, 0.1962525844574, 0.15868663787842, 0.15239477157593, 0.16567254066467, 0.14294052124023, 0.14893651008606, 0.053010702133179, 0.034235000610352, -0.058908462524414, 0.015006303787231, 0.084737777709961, 0.18447637557983, 0.39545488357544, 0.48479628562927, 0.70253229141235, 0.50023579597473, 0.50073575973511, 0.49344873428345, 0.42710971832275, 0.34231376647949
0.043453216552734, -0.023195266723633, 0.0074996948242188, 0.053477764129639, 0.030859708786011, -0.07213306427002, -0.23475742340088, -0.35681104660034, -0.27164125442505, -0.24051666259766, -0.13054275512695, -0.088851928710938, -0.11206912994385, -0.059755325317383, -0.015259981155395, -0.016977548599243, -0.024992227554321, -0.0073103904724121, -0.015473365783691, -0.093369960784912, -0.080605506896973, -0.049160718917847, 0.033196926116943, 0.10174870491028, 0.15377449989319, 0.25548648834228, 0.23099589347839, 0.20298147201538, 0.14200329780579, 0.15515446662903, 0.20352625846863, 0.17436623573303, 0.059597492218018, 0.022159814834595, 0.016316413879395, 0.081062316894531, 0.18404769897461, 0.38532519340515, 0.51529955863953, 0.80412769317627, 0.52028155326843, 0.53186726570129, 0.48082137107849, 0.42575216293335, 0.34231376647949
0.043453216552734, -0.028417587280273, 0.011124134063721, 0.044844150543213, 0.033799648284912, -0.12718224525452, -0.27229309082031, -0.34089922904968, -0.26217079162598, -0.20901107788086, -0.12755441665649, -0.046696901321411, -0.042678356170654, -0.027842283248901, 0.009610652923584, 0.016409397125244, -0.024191856384277, -0.061440467834473, -0.067346572875977, -0.12893486022949, -0.15027499198914, -0.078603744506836, 0.01195502281189, 0, -2.3841857910156e-007, 0.060971021652222, 0.18417763710022, 0.14779567718506, 0.12383008003235, 0.11164879798889, 0.17667889595032, 0.18639945983887, 0.15264701843262, 0.090360641479492, 0.0052955150604248, 0.037268400192261, 0.1919629573822, 0.36860704421997, 0.55941247940063, 0.76437377929688, 0.59885215759277, 0.55434393882751, 0.47043895721436, 0.42397952079773, 0.34231376647949
0.043453216552734, -0.034236431121826, 0.014344215393066, 0.036320209503174, 0.021679639816284, -0.17229151725769, -0.31512045860291, -0.33271503448486, -0.23986530303955, -0.14478397369385, -0.12758016586304, -0.061844348907471, -0.032318353652954, -0.013942718505859, 0.012201070785523, 0.010213375091553, 0.0049622058868408, -0.040373563766479, -0.087816953659058, -0.13216996192932, -0.1968035697937, -0.14986181259155, 0, -4.7683715820313e-007, 0, 0, 0.058709621429443, 0.18286085128784, 0.1236629486084, 0.15927529335022, 0.1293613910675, 0.22073912620544, 0.24532246589661, 0.21941685676575, 0.027878046035767, 0.034120798110962, 0.15059876441956, 0.28114366531372, 0.51056241989136, 0.73153066635132, 0.71920800209045, 0.55581593513489, 0.46012210845947, 0.43450045585632, 0.34231376647949
0.043453216552734, -0.039684295654297, 0.015633344650269, 0.033776521682739, -0.008641242980957, -0.20334601402283, -0.34430646896362, -0.32939004898071, -0.22987151145935, -0.090656995773315, -0.029288291931152, -0.055267810821533, -0.064333915710449, -0.0038695335388184, 0.022795915603638, 0.056464433670044, 0.069748163223267, 0.015944719314575, -0.064680814743042, -0.17238545417786, -0.2131552696228, -0.10558915138245, 0, 0, -4.7683715820313e-007, 0, 0.025236368179321, 0.13662958145142, 0.19953441619873, 0.17332434654236, 0.1578540802002, 0.2886598110199, 0.31514310836792, 0.25667405128479, 0.18415284156799, 0.016987562179565, 0.091631650924683, 0.24373006820679, 0.47895908355713, 0.72907376289368, 0.767014503479, 0.5582480430603, 0.44937515258789, 0.44812512397766, 0.34231376647949
0.043453216552734, -0.044738292694092, 0.014962911605835, 0.032351732254028, -0.034312725067139, -0.24434113502502, -0.29084134101868, -0.27813816070557, -0.23736500740051, -0.069382905960083, -0.0028703212738037, -0.00094342231750488, -0.0302414894104, 0.036978006362915, 0.057753324508667, 0.078763484954834, 0.081246852874756, 0.083800554275513, -0.024394512176514, -0.22235989570618, -0.18758535385132, -0.15029096603394, -0.021648168563843, 0, 0, 0, 0.025103330612183, 0.085041522979736, 0.15412330627441, 0.20249557495117, 0.12280893325806, 0.21695852279663, 0.29579758644104, 0.27343797683716, 0.21541523933411, 0.025902986526489, 0.085523843765259, 0.25972437858581, 0.46379923820496, 0.69741249084473, 0.76389527320862, 0.54283547401428, 0.43826627731323, 0.45972275733948, 0.34231376647949
0.043453216552734, -0.04937744140625, 0.014136075973511, 0.03069257736206, -0.05320930480957, -0.25583434104919, -0.26722908020019, -0.19794321060181, -0.2416455745697, -0.045459508895874, 0.023295402526856, -0.0041127204895019, 0.013732671737671, 0.073222875595093, 0.10703849792481, 0.16152310371399, 0.17140460014343, 0.1408679485321, -0.0053641796112061, -0.17809224128723, -0.2243242263794, -0.21668863296509, -0.1113440990448, -0.072768211364746, -0.034803628921509, 0, 0.037425041198731, 0.088025569915771, 0.14284420013428, 0.20555377006531, 0.15156102180481, 0.28585577011108, 0.28185224533081, 0.20855140686035, 0.17693758010864, 0.048668622970581, 0.10538220405579, 0.26691126823425, 0.42697024345398, 0.61365962028503, 0.77449035644531, 0.52295875549316, 0.42687034606934, 0.469801902771, 0.34231376647949
0.043453216552734, -0.053578376770019, 0.013733386993408, 0.028783559799194, -0.069869756698608, -0.26292252540588, -0.26184010505676, -0.19675946235657, -0.1964635848999, -0.029379606246948, 0.046087026596069, 0.042106628417969, 0.063616991043091, 0.12914323806763, 0.20107960700989, 0.26140689849853, 0.25078701972961, 0.19948244094849, 0.057785272598267, -0.20998930931091, -0.25882935523987, -0.25232982635498, -0.19906735420227, -0.1598744392395, -0.080424547195435, 0.0037028789520264, 0.049556970596313, 0.09808611869812, 0.15076613426208, 0.20865201950073, 0.19520282745361, 0.20129919052124, 0.20216012001038, 0.16379380226135, 0.15001130104065, 0.094621658325195, 0.10855484008789, 0.24312829971313, 0.36761093139648, 0.5218517780304, 0.79961633682251, 0.49999570846558, 0.43305373191834, 0.48000192642212, 0.34231376647949
0.043453216552734, -0.057347297668457, 0.012619733810425, 0.024672746658325, -0.08165979385376, -0.27179837226868, -0.26341056823731, -0.21097564697266, -0.19558835029602, -0.032295227050781, 0.08625340461731, 0.10302400588989, 0.13440823554993, 0.20120334625244, 0.23323488235474, 0.32169604301453, 0.39730048179626, 0.27032494544983, 0.040519952774048, -0.19887757301331, -0.32781338691711, -0.28072929382324, -0.25385665893555, -0.18995904922485, -0.090219974517822, 0.0027194023132324, 0.045387744903565, 0.091049194335938, 0.14400172233582, 0.20285391807556, 0.23210763931274, 0.22887301445007, 0.19613838195801, 0.14681696891785, 0.12344336509705, 0.10290312767029, 0.0855393409729, 0.2286114692688, 0.3597264289856, 0.486900806427, 0.81676268577576, 0.49936532974243, 0.46237826347351, 0.49027228355408, 0.34231376647949
0.043453216552734, -0.060770511627197, 0.010792970657349, 0.020519018173218, -0.089792013168335, -0.27898645401001, -0.27321147918701, -0.22640085220337, -0.19414854049683, 0.069933176040649, 0.090834617614746, 0.13750839233398, 0.18285012245178, 0.24276733398438, 0.29467415809631, 0.32387137413025, 0.40088438987732, 0.32239937782288, 0.097230672836304, -0.15210962295532, -0.28569149971008, -0.27708411216736, -0.25137710571289, -0.19972825050354, -0.10182166099548, -0.00508713722229, 0.042773962020874, 0.089992761611939, 0.141117811203, 0.19799757003784, 0.26283431053162, 0.22498416900635, 0.20339179039002, 0.16104817390442, 0.12655591964722, 0.10693883895874, 0.13974332809448, 0.26450967788696, 0.35136032104492, 0.49653577804565, 0.83124327659607, 0.50373554229736, 0.49533891677856, 0.50056195259094, 0.34231376647949
0.043453216552734, -0.063638687133789, 0.0075478553771973, 0.020316123962402, -0.095318555831909, -0.28525233268738, -0.26345252990723, -0.21912336349487, -0.17685389518738, 0.12572360038757, 0.11610150337219, 0.17906951904297, 0.18326783180237, 0.21857237815857, 0.34201097488403, 0.34905791282654, 0.40990567207336, 0.31180429458618, 0.080576658248901, -0.1284773349762, -0.308269739151, -0.27052235603332, -0.25015234947205, -0.2066080570221, -0.10506200790405, -0.0017237663269043, 0.035255908966065, 0.081921815872192, 0.13253426551819, 0.1894862651825, 0.25511646270752, 0.24699854850769, 0.25281095504761, 0.17756724357605, 0.1351580619812, 0.12442541122437, 0.16046810150147, 0.23867034912109, 0.32134222984314, 0.48656487464905, 0.82430458068848, 0.50736832618713, 0.52907633781433, 0.51081347465515, 0.34231376647949
0.043453216552734, -0.064128160476685, 0.01070237159729, 0.022722721099853, -0.096864938735962, -0.28291940689087, -0.25892114639282, -0.20524096488953, -0.1593120098114, 0.16350412368774, 0.18224263191223, 0.22434043884277, 0.21130013465881, 0.23848605155945, 0.3646023273468, 0.36524438858032, 0.42641615867615, 0.28287720680237, -0.030597448348999, -0.22983574867248, -0.34517765045166, -0.27052211761475, -0.25015258789063, -0.21785664558411, -0.10980224609375, -0.021764039993286, 0.028368473052978, 0.077095985412598, 0.13002467155457, 0.18875432014465, 0.25554656982422, 0.25406742095947, 0.3529109954834, 0.3105103969574, 0.15972256660461, 0.14667391777039, 0.16775989532471, 0.22063779830933, 0.31820750236511, 0.48384499549866, 0.82401633262634, 0.53629446029663, 0.55300712585449, 0.51953673362732, 0.34231376647949
0.043453216552734, -0.051153898239136, 0.037192344665527, 0.027768611907959, -0.092215299606323, -0.28001880645752, -0.26138520240784, -0.19420957565308, -0.13482117652893, 0.20668077468872, 0.25150489807129, 0.26985788345337, 0.25504493713379, 0.28555631637573, 0.38577103614807, 0.37680315971375, 0.37834930419922, 0.19781231880188, -0.17502450942993, -0.38379216194153, -0.34755849838257, -0.27220749855041, -0.25137710571289, -0.23898434638977, -0.1368362903595, -0.039443254470825, 0.0022256374359131, 0.052304983139038, 0.10631990432739, 0.1660966873169, 0.24676752090454, 0.28668451309204, 0.42850756645203, 0.3752293586731, 0.20186543464661, 0.17682528495789, 0.19451141357422, 0.23616933822632, 0.32075691223144, 0.48792862892151, 0.83151984214783, 0.58415031433106, 0.54473686218262, 0.51779103279114, 0.34231376647949
0.043453216552734, -0.03457498550415, 0.041294813156128, 0.028463363647461, -0.080689668655395, -0.24767589569092, -0.23734068870544, -0.13126826286316, -0.011193513870239, 0.25374317169189, 0.25499820709228, 0.25543022155762, 0.26505446434021, 0.31779670715332, 0.38041067123413, 0.37275171279907, 0.25520157814026, 0.048053741455078, -0.2516565322876, -0.3332884311676, -0.33979749679565, -0.264981508255, -0.24899125099182, -0.21650266647339, -0.13915610313416, -0.063609600067139, 2.3841857910156e-007, 0.020502805709839, 0.078332424163818, 0.14981436729431, 0.25546264648438, 0.3101236820221, 0.44720578193665, 0.34830689430237, 0.2323145866394, 0.20502543449402, 0.20596551895142, 0.22784686088562, 0.31662821769714, 0.49961400032044, 0.8463888168335, 0.63366365432739, 0.54233407974243, 0.51342940330505, 0.34231376647949
0.043453216552734, -0.017758846282959, 0.04563045501709, 0.032960891723633, -0.032712459564209, -0.1723849773407, -0.14561867713928, -0.13500380516052, 0.013002634048462, 0.17567181587219, 0.25002884864807, 0.26385402679443, 0.2610297203064, 0.28977680206299, 0.33925294876099, 0.30471730232239, 0.1661593914032, 0.0056815147399902, -0.25094604492188, -0.30491137504578, -0.29079174995422, -0.22840309143066, -0.19062256813049, -0.17032742500305, -0.092772245407105, -0.016691446304321, -2.3841857910156e-007, 2.3841857910156e-007, 0.053508758544922, 0.15865468978882, 0.264004945755, 0.34239077568054, 0.47695803642273, 0.29551887512207, 0.22932958602905, 0.18917560577393, 0.21810436248779, 0.22620749473572, 0.30673360824585, 0.51932525634766, 0.86721563339233, 0.64234900474548, 0.54039144515991, 0.50871586799622, 0.34231376647949
0.043453216552734, -0.00058507919311523, 0.052611827850342, 0.046602964401245, -0.022715330123901, -0.15461540222168, -0.148277759552, -0.12928867340088, 0.037554979324341, 0.178786277771, 0.26662731170654, 0.26256680488586, 0.26148128509522, 0.26796412467956, 0.30232310295105, 0.23937463760376, 0.11643767356873, 0.0062518119812012, -0.11348152160644, -0.24111485481262, -0.21615028381348, -0.18194723129273, -0.14988160133362, -0.12290573120117, -0.044525861740112, 0, 0, 0, 0.059201002120972, 0.17602133750916, 0.25779724121094, 0.35842514038086, 0.49829339981079, 0.25585150718689, 0.24825191497803, 0.22933197021484, 0.22593760490418, 0.26319098472595, 0.32590937614441, 0.56056046485901, 0.89668393135071, 0.63458132743835, 0.53794622421265, 0.50367140769958, 0.34231376647949
0.043453216552734, 0.016902208328247, 0.069873571395874, 0.057949781417847, -0.026313543319702, -0.14873456954956, -0.1379885673523, -0.12449669837952, 0.029705286026001, 0.084259510040283, 0.26456022262573, 0.25581073760986, 0.22591972351074, 0.22108244895935, 0.24296355247498, 0.19511008262634, 0.10665464401245, 0.073699712753296, 0.049021720886231, -0.10367202758789, -0.17548394203186, -0.1550989151001, -0.12306714057922, -0.072930335998535, 0, 0, 0, 0, 0.076802492141724, 0.22821545600891, 0.30333399772644, 0.37803816795349, 0.48334717750549, 0.23947215080261, 0.26003265380859, 0.27990674972534, 0.27077770233154, 0.2912380695343, 0.38332676887512, 0.61124348640442, 0.92082357406616, 0.62493658065796, 0.53505945205688, 0.49832844734192, 0.34231376647949
0.043453216552734, 0.03462290763855, 0.10646653175354, 0.062618970870972, -0.043049335479736, -0.12929129600525, -0.12615609169006, -0.13152933120728, -0.040273189544678, 0.050331592559815, 0.23487520217895, 0.20354247093201, 0.19909477233887, 0.19185614585877, 0.18642425537109, 0.15094804763794, 0.15558624267578, 0.17069387435913, 0.15698385238648, 0.051078796386719, -0.042431592941284, -0.1272976398468, -0.10290336608887, -0.018879175186157, 0, 0, -4.7683715820313e-007, 0, 0.050050973892212, 0.25702428817749, 0.43093299865723, 0.46515583992004, 0.50513458251953, 0.203125, 0.26664519309998, 0.32125186920166, 0.29575848579407, 0.2509753704071, 0.45154714584351, 0.66388440132141, 0.8791024684906, 0.61357831954956, 0.53183960914612, 0.49271631240845, 0.34231376647949
0.043453216552734, 0.052496194839477, 0.12966346740723, 0.072077989578247, -0.061783075332642, -0.10403847694397, -0.1165566444397, -0.13290500640869, -0.058838129043579, -0.011803388595581, 0.051837682723999, 0.17345571517944, 0.16340565681458, 0.12359189987183, 0.11208391189575, 0.19205927848816, 0.23062968254089, 0.26627731323242, 0.27034449577331, 0.22037982940674, 0.16658234596252, 0.097346067428589, -0.069453716278076, -0.041162729263306, 0, -2.3841857910156e-007, 0, 2.3841857910156e-007, 0.069000005722046, 0.30034112930298, 0.50298500061035, 0.55032181739807, 0.44152140617371, 0.20512843132019, 0.27324771881103, 0.33508086204529, 0.30280804634094, 0.25827312469482, 0.48207926750183, 0.71764016151428, 0.83229994773865, 0.60094118118286, 0.52817463874817, 0.48686456680298, 0.34231376647949
0.043453216552734, 0.070436716079712, 0.14492869377136, 0.081866979598999, -0.043130874633789, -0.084359169006348, -0.10795736312866, -0.12142848968506, -0.10731744766235, -0.10457396507263, -0.020122289657593, 0.18486380577087, 0.095170974731445, 0.089235067367554, 0.096048355102539, 0.21638941764832, 0.32107543945313, 0.32155776023865, 0.28258967399597, 0.29814791679382, 0.25251221656799, 0.1993145942688, 0.14986348152161, 0.057332038879394, 0.023648500442505, 0, -2.3841857910156e-007, 0, 0.17424941062927, 0.35638189315796, 0.54852199554443, 0.58917546272278, 0.4156539440155, 0.18567728996277, 0.29176902770996, 0.3272807598114, 0.28312277793884, 0.31321549415588, 0.54525899887085, 0.82752442359924, 0.77733540534973, 0.5870316028595, 0.51376080513, 0.48080682754517, 0.34231376647949
0.043453216552734, 0.088271856307983, 0.15959692001343, 0.091917514801025, -0.012241363525391, -0.039392948150635, -0.12375521659851, -0.082782506942749, -0.16881656646728, -0.10803556442261, -0.078648567199707, -0.025979280471802, 0.10531997680664, 0.091635227203369, 0.15775680541992, 0.21336483955383, 0.34877181053162, 0.33537030220032, 0.31817221641541, 0.33345246315002, 0.30949020385742, 0.23452973365784, 0.1819896697998, 0.15604376792908, 0.12235069274902, 0.020435571670532, 0, 0.13318252563477, 0.35642910003662, 0.49255561828613, 0.66743278503418, 0.62329912185669, 0.22221350669861, 0.26008820533752, 0.29964065551758, 0.27924704551697, 0.2326967716217, 0.37693047523499, 0.61324858665466, 0.89355325698852, 0.71988201141357, 0.57168126106262, 0.48873543739319, 0.47502994537353, 0.34231376647949
0.043453216552734, 0.092710256576538, 0.17498350143433, 0.10078144073486, 0.013947010040283, 0.0052359104156494, -0.11207413673401, -0.090132713317871, -0.14289426803589, -0.12977409362793, -0.12555050849915, -0.063717842102051, 0.04960036277771, 0.119704246521, 0.14507603645325, 0.19312167167664, 0.25995922088623, 0.37767887115478, 0.36626100540161, 0.36734843254089, 0.3102445602417, 0.24296879768372, 0.21263647079468, 0.18433737754822, 0.14171886444092, 0.10178852081299, 0.10221099853516, 0.22469067573547, 0.49644041061401, 0.61997771263123, 0.62263345718384, 0.16489410400391, 0.19591403007507, 0.33606648445129, 0.30513739585876, 0.20461344718933, 0.15402698516846, 0.43091630935669, 0.70336866378784, 1.0042901039124, 0.61992359161377, 0.55472660064697, 0.46350193023682, 0.47161674499512, 0.34231185913086
0.043453216552734, 0.09685206413269, 0.19012188911438, 0.11809325218201, 0.054475784301758, -0.0013294219970703, -0.063016414642334, -0.09563684463501, -0.084922790527344, -0.16196990013123, -0.10428738594055, -0.10109043121338, -0.049543380737305, 0.049007177352905, 0.10251569747925, 0.15705752372742, 0.2127001285553, 0.37949967384338, 0.42883086204529, 0.39001297950745, 0.34342265129089, 0.25149488449097, 0.11900520324707, 0.10570311546326, 0.1282479763031, 0.016327381134033, 0.020744323730469, 0.21395468711853, 0.56238317489624, 0.21863961219788, 0.15514516830444, 0.11587333679199, 0.28702569007874, 0.32916688919067, 0.32366847991943, 0.10141444206238, 0.24990701675415, 0.53743886947632, 0.80219554901123, 1.1080629825592, 0.58491230010986, 0.53124046325684, 0.44260573387146, 0.46804475784302, 0.34231185913086
0.043453216552734, 0.10887622833252, 0.20532369613648, 0.13695883750916, 0.097920656204224, -0.012031078338623, -0.018798112869263, -0.064875841140747, -0.072692632675171, -0.12146353721619, -0.12631344795227, -0.12747979164123, -0.094773292541504, -0.076032638549805, -0.011614799499512, 0.10612630844116, 0.18185091018677, 0.24865818023682, 0.34887719154358, 0.45732021331787, 0.4360659122467, 0.36579585075378, 0.064757108688355, 0.0027751922607422, -0.24434995651245, -0.46685099601746, -0.37586688995361, -0.18269515037537, -0.23988389968872, 0.35870504379273, -0.0071854591369629, 0.23934030532837, 0.36582589149475, 0.39094495773315, 0.157870054245, 0.088534116744995, 0.38597750663757, 0.66806387901306, 0.92795014381409, 0.89189434051514, 0.5597140789032, 0.48778820037842, 0.43071269989014, 0.46179151535034, 0.34231185913086
0.043453216552734, 0.12008929252625, 0.21913409233093, 0.15695095062256, 0.13721895217895, 0.00020170211791992, 0.022601842880249, -0.012756824493408, -0.076010227203369, -0.072956800460815, -0.130774974823, -0.11554074287415, -0.18600487709045, -0.18677997589111, -0.19686198234558, -0.12790942192078, 0.04341983795166, 0.12065935134888, 0.17324256896973, 0.19543600082398, 0.17799544334412, 0.1583514213562, 0.038666248321533, 0.20618796348572, -0.12898993492127, -0.016149044036865, -0.51507496833801, 0.12250089645386, 0.029688358306885, 0.39372181892395, 0.17990303039551, 0.33860540390015, 0.44987487792969, 0.43390607833862, 0.066067934036255, 0.25292015075684, 0.57238340377808, 0.81833052635193, 1.0813736915588, 0.61210155487061, 0.5337245464325, 0.45633053779602, 0.41832613945007, 0.45313143730164, 0.34231376647949
0.043453216552734, 0.13042092323303, 0.23362684249878, 0.1779248714447, 0.15330266952515, 0.049041748046875, 0.016229152679443, 0.019589185714722, -0.024402141571045, -0.042094945907593, -0.13017678260803, -0.23498106002808, -0.2483868598938, -0.26346015930176, -0.24689173698425, -0.22792768478394, -0.17968773841858, 0.0090291500091553, -0.00050473213195801, 0.023077726364136, 0.013732194900513, -0.032485485076904, -0.069730281829834, -0.30898880958557, -0.34732055664063, -0.43869876861572, -0.48664951324463, -0.25761151313782, -0.0083143711090088, 0.058034181594849, 0.26956748962402, 0.42595887184143, 0.44152688980103, 0.1517972946167, 0.22575545310974, 0.44521498680115, 0.76627397537231, 0.99420094490051, 0.97613763809204, 0.57308506965637, 0.5258150100708, 0.43854212760925, 0.40538668632507, 0.44483613967896, 0.34231376647949
0.043453216552734, 0.13981199264526, 0.24755859375, 0.19980025291443, 0.14961123466492, 0.096832275390625, 0.040261507034302, 0.072884082794189, 0.026043891906738, -0.012287139892578, -0.067536354064941, -0.20326781272888, -0.25094938278198, -0.27142834663391, -0.27979850769043, -0.29389977455139, -0.29602861404419, -0.27547931671143, -0.22675776481628, -0.20584940910339, -0.16968321800232, -0.2579939365387, -0.15621542930603, -0.2422091960907, -0.22513914108276, -0.26162695884705, -0.27262163162231, -0.12414908409119, -0.065633773803711, 0.057522773742676, 0.16635632514954, 0.30789470672607, 0.25158095359802, 0.17406582832336, 0.33680891990662, 0.65087151527405, 0.99299025535583, 1.2865583896637, 0.60836744308472, 0.56682729721069, 0.52957201004028, 0.41785335540772, 0.39232778549194, 0.43695569038391, 0.34231376647949
0.043453216552734, 0.14820075035095, 0.24069309234619, 0.22007155418396, 0.14651012420654, 0.12894296646118, 0.085206985473633, 0.11014723777771, 0.085203647613525, 0.059028387069702, 0.0094442367553711, -0.12071943283081, -0.20542502403259, -0.22717714309692, -0.27226090431213, -0.32420635223389, -0.3764386177063, -0.35557556152344, -0.37364149093628, -0.41150379180908, -0.24558472633362, -0.268146276474, -0.35275602340698, -0.28189039230347, -0.2483766078949, -0.24867725372315, -0.1523449420929, -0.058526754379273, -0.14573502540588, -0.074981451034546, 0.020458459854126, 0.08796763420105, 0.23578524589539, 0.26285648345947, 0.47188186645508, 0.88596081733704, 1.2893579006195, 1.0108690261841, 0.56037068367004, 0.53817391395569, 0.50092339515686, 0.40575909614563, 0.38623261451721, 0.42953062057495, 0.34231376647949
0.043453216552734, 0.1555323600769, 0.22750663757324, 0.21628260612488, 0.14579439163208, 0.1519079208374, 0.10971474647522, 0.14649796485901, 0.13603329658508, 0.093737125396729, 0.078655481338501, -0.053848266601563, -0.15562963485718, -0.17529916763306, -0.21392631530762, -0.26737189292908, -0.33583617210388, -0.33323669433594, -0.32700848579407, -0.37396478652954, -0.31552195549011, -0.25876045227051, -0.37397599220276, -0.38353586196899, -0.2542576789856, -0.24204993247986, -0.15193915367127, -0.11445546150208, -0.18984389305115, -0.15381789207458, -0.070218801498413, -0.044482231140137, 0.10509610176086, 0.39852976799011, 0.50451493263245, 0.81503891944885, 0.75527763366699, 0.60716724395752, 0.53562617301941, 0.45773530006409, 0.4676628112793, 0.39763689041138, 0.38012790679932, 0.42260456085205, 0.34231376647949
0.043453216552734, 0.16176414489746, 0.21401810646057, 0.20436596870422, 0.14737892150879, 0.15963959693909, 0.12744140625, 0.14424848556519, 0.16018509864807, 0.13477277755737, 0.14168572425842, -0.0023248195648193, -0.098652362823486, -0.12855887413025, -0.1527886390686, -0.23707890510559, -0.30456209182739, -0.2506411075592, -0.2216272354126, -0.24284148216248, -0.22835683822632, -0.17948341369629, -0.20979881286621, -0.21520686149597, -0.1718955039978, -0.16112279891968, -0.11026883125305, -0.072144746780395, -0.089063405990601, -0.098489046096802, -0.02505350112915, 0.065977811813355, 0.17947769165039, 0.28649497032166, 0.41659116744995, 0.47570991516113, 0.37011623382568, 0.31880688667297, 0.40710687637329, 0.36641597747803, 0.43424844741821, 0.39538264274597, 0.37405800819397, 0.41620993614197, 0.34231376647949
0.043453216552734, 0.16625237464905, 0.20030379295349, 0.18411064147949, 0.13150358200073, 0.16611528396606, 0.14390349388123, 0.14175629615784, 0.16123867034912, 0.15471696853638, 0.17259907722473, 0.047197341918945, -0.053175687789917, -0.074899911880493, -0.096230030059814, -0.18464136123657, -0.22054839134216, -0.17397999763489, -0.13491916656494, -0.14743828773498, -0.1495840549469, -0.110520362854, -0.10489249229431, -0.10887241363525, -0.11512780189514, -0.11451458930969, -0.081010103225708, -0.049516201019287, -0.0084986686706543, -0.043792486190796, -0.02030611038208, 0.10648727416992, 0.13453936576843, 0.10281705856323, 0.17894577980042, 0.12277221679688, 0.1953341960907, 0.21993637084961, 0.30560326576233, 0.30238699913025, 0.40833854675293, 0.37247633934021, 0.35896611213684, 0.41038370132446, 0.34231376647949
0.043453216552734, 0.15980219841003, 0.18643355369568, 0.16467881202698, 0.11269855499268, 0.1291835308075, 0.14401459693909, 0.13562345504761, 0.17338228225708, 0.15607762336731, 0.17991089820862, 0.10494947433472, -0.037100791931152, -0.060046911239624, -0.11534667015076, -0.12976408004761, -0.13785099983215, -0.098029851913452, -0.077894449234009, -0.063782215118408, -0.078947067260742, -0.033371686935425, -0.064612627029419, -0.07043981552124, -0.094393014907837, -0.088325023651123, -0.036609649658203, -0.034791469573975, -0.023280382156372, -0.0030083656311035, -0.041756868362427, 0.055987119674683, 0.033803939819336, -0.022677659988403, 0.059929847717285, 8.6069107055664e-005, 0.11532688140869, 0.13298678398132, 0.21498227119446, 0.28141117095947, 0.36449813842773, 0.33809638023376, 0.34315752983093, 0.4051501750946, 0.34231376647949
0.043453216552734, 0.15297365188599, 0.17248034477234, 0.14605331420898, 0.11282181739807, 0.088896989822388, 0.12131643295288, 0.09691047668457, 0.09812068939209, 0.11180663108826, 0.13238024711609, 0.088194608688355, -0.032914400100708, -0.054747104644775, -0.12156319618225, -0.083261251449585, -0.073046684265137, -0.048902988433838, -0.060736894607544, -0.022787570953369, 0.028728485107422, 0.031056642532349, 0.078863382339477, 0.045684814453125, 0.0071072578430176, 0.038899898529053, 0.099228858947754, 0.11598920822144, 0.0028586387634277, 0.0045576095581055, -0.047348260879517, -0.075512409210205, -0.071265697479248, -0.07974100112915, 0.0050694942474365, -0.065612077713013, 0.079590320587158, 0.1373291015625, 0.21905207633972, 0.27092957496643, 0.32062959671021, 0.30499911308289, 0.32847380638123, 0.40124320983887, 0.34231376647949
0.043453216552734, 0.14608025550842, 0.1585099697113, 0.12822198867798, 0.11161708831787, 0.048840522766113, 0.06885814666748, 0.045538902282715, 0.011932611465454, 0.041587352752685, 0.033583879470825, -0.026593446731567, -0.1065366268158, -0.067859172821045, -0.13568067550659, -0.089683532714844, -0.059625864028931, -0.040322065353394, -0.079778432846069, -0.037387371063232, 0.023372650146484, -0.023657083511353, 0.012222766876221, 0.06913685798645, 0.074264287948608, 0.086363792419434, 0.10755586624145, 0.10992646217346, -0.0041325092315674, 0.05031943321228, 0.0022203922271728, -0.010025024414063, 0.061941623687744, 0.065243721008301, 0.065522909164429, -0.031433343887329, 0.090992212295532, 0.16576552391052, 0.23892998695373, 0.25919961929321, 0.27775549888611, 0.26839995384216, 0.31498503684998, 0.39830231666565, 0.34231376647949
0.043453216552734, 0.13915824890137, 0.14459156990051, 0.11050796508789, 0.10894346237183, 0.013205528259277, 0.019024610519409, -0.0062739849090576, -0.051772832870483, -0.034314632415771, -0.043582916259766, -0.11466145515442, -0.16912364959717, -0.10280203819275, -0.13827657699585, -0.10311985015869, -0.056921482086182, -0.082727432250977, -0.094896554946899, -0.041524887084961, -0.033204793930054, -0.023518323898315, -0.033305406570435, 0.082277774810791, 0.090187311172485, 0.11252927780151, 0.11217856407166, 0.040046691894531, 0.0083420276641846, 0.083322525024414, 0.069022417068481, 0.081542253494263, 0.15521883964539, 0.2011342048645, 0.11460018157959, 0.012941598892212, 0.1173722743988, 0.18353295326233, 0.24430871009827, 0.24789953231812, 0.23600387573242, 0.23403000831604, 0.30275273323059, 0.39586019515991, 0.34231376647949
0.043453216552734, 0.13224148750305, 0.13075017929077, 0.091466665267944, 0.076598405838013, -0.022311210632324, -0.017724514007568, -0.057106733322144, -0.095209121704102, -0.11305594444275, -0.11226606369019, -0.18000888824463, -0.22639584541321, -0.15601420402527, -0.14896678924561, -0.093263864517212, -0.10605120658875, -0.14135003089905, -0.084410667419434, -0.091881513595581, -0.070328712463379, -0.011433124542236, -0.0092313289642334, 0.069424390792847, 0.10935974121094, 0.13678693771362, 0.15200400352478, 0.0275559425354, 0.053136587142944, 0.12533497810364, 0.10176086425781, 0.17869305610657, 0.25576257705688, 0.29611492156982, 0.16834878921509, 0.06746768951416, 0.14443397521973, 0.18008184432983, 0.20199871063232, 0.24764919281006, 0.21545720100403, 0.21178913116455, 0.29183268547058, 0.39392113685608, 0.34231376647949
0.043453216552734, 0.12535953521728, 0.12075686454773, 0.069003820419311, 0.032334804534912, -0.056348085403442, -0.048472404479981, -0.10192370414734, -0.1418879032135, -0.19101405143738, -0.15700721740723, -0.19593644142151, -0.22215819358826, -0.18910598754883, -0.091775894165039, -0.09323000907898, -0.04071569442749, -0.059505939483643, -0.087035655975342, -0.067426919937134, -0.029680728912353, 0.029910564422607, 0.024486303329468, 0.13403749465942, 0.15476393699646, 0.17507100105286, 0.22090911865234, 0.17348885536194, 0.13521885871887, 0.18934273719788, 0.15833735466003, 0.23637008666992, 0.30672311782837, 0.31270122528076, 0.18901610374451, 0.13387632369995, 0.15874028205872, 0.1515417098999, 0.1641047000885, 0.24731516838074, 0.19840145111084, 0.20520329475403, 0.27552103996277, 0.39249086380005, 0.34231376647949
0.043453216552734, 0.1185462474823, 0.11201620101929, 0.049009799957275, -0.011950969696045, -0.08604097366333, -0.083833932876587, -0.13121438026428, -0.16189885139465, -0.16101622581482, -0.11286664009094, -0.15020704269409, -0.17077398300171, -0.16755151748657, -0.057202339172363, -0.053392887115479, -0.01875114440918, 0.039450645446777, -0.035221576690674, -0.018986940383911, 0.017484188079834, 0.07576847076416, 0.13395595550537, 0.19638824462891, 0.20777606964111, 0.22177982330322, 0.25974106788635, 0.26196002960205, 0.20739102363586, 0.24013328552246, 0.20519304275513, 0.26678395271301, 0.2519166469574, 0.2318434715271, 0.21796989440918, 0.18728446960449, 0.17533302307129, 0.13608884811401, 0.16119623184204, 0.24688148498535, 0.18089032173157, 0.19640588760376, 0.25868511199951, 0.39156913757324, 0.34231376647949
0.043453216552734, 0.1118323802948, 0.099496841430664, 0.030202627182007, -0.051330804824829, -0.11579084396362, -0.11186194419861, -0.12586140632629, -0.15885353088379, -0.11274147033691, -0.129469871521, -0.11681342124939, -0.1594705581665, -0.17348837852478, -0.05843448638916, -0.01853609085083, -0.038674592971802, -0.0083749294281006, -0.039360761642456, -0.056320667266846, 0.007084846496582, -0.00019764900207519, 0.044127464294434, 0.11701703071594, 0.12695550918579, 0.14272975921631, 0.19771790504456, 0.22038841247559, 0.18667554855347, 0.30364370346069, 0.27775692939758, 0.32225322723389, 0.19848847389221, 0.19095945358276, 0.2038414478302, 0.28284215927124, 0.17700791358948, 0.12995982170105, 0.16730666160583, 0.23071217536926, 0.16287016868591, 0.18734312057495, 0.24370861053467, 0.39034533500671, 0.34231376647949
0.043453216552734, 0.1084897518158, 0.088857889175415, 0.011733055114746, -0.090060472488403, -0.11710357666016, -0.1263952255249, -0.11927247047424, -0.15591526031494, -0.094335317611694, -0.14045572280884, -0.10252070426941, -0.15934109687805, -0.20494699478149, -0.20337104797363, -0.13167309761047, -0.11908316612244, -0.10534501075745, -0.070761203765869, -0.11157488822937, -0.031882047653198, -0.03050684928894, -0.036321401596069, 0.030666589736939, 0.078925371170044, 0.09735369682312, 0.15580058097839, 0.16392779350281, 0.16801118850708, 0.30635333061218, 0.32273721694946, 0.43527436256409, 0.25689673423767, 0.16148781776428, 0.22761559486389, 0.33219790458679, 0.19984197616577, 0.12382960319519, 0.17334723472595, 0.18497180938721, 0.14422607421875, 0.18079400062561, 0.23059773445129, 0.38344240188599, 0.34231376647949
0.043453216552734, 0.10450673103333, 0.080142498016357, -0.015625476837158, -0.092913150787354, -0.11072182655335, -0.14161610603333, -0.10737204551697, -0.15192079544067, -0.11442995071411, -0.12604093551636, -0.12720632553101, -0.24536943435669, -0.29513025283813, -0.27182674407959, -0.19315838813782, -0.15228819847107, 0.01425290107727, -0.12838006019592, -0.17607474327087, -0.088097333908081, -0.081293106079102, -0.10137987136841, -0.026411533355713, 0.063727140426636, 0.090495586395264, 0.12549781799316, 0.12011075019836, 0.17619967460632, 0.22863173484802, 0.25469827651978, 0.33463144302368, 0.29511570930481, 0.27114510536194, 0.26352572441101, 0.35061931610107, 0.24106073379517, 0.15484738349915, 0.15532541275024, 0.13965702056885, 0.11069655418396, 0.17678880691528, 0.21934604644775, 0.3754608631134, 0.34231376647949
0.043453216552734, 0.10058283805847, 0.073534965515137, -0.04462194442749, -0.052831649780273, -0.10182380676269, -0.14983749389648, -0.088187456130981, -0.13846445083618, -0.139084815979, -0.099414348602295, -0.14124631881714, -0.28907871246338, -0.31338095664978, -0.20050358772278, -0.040187835693359, 0.026819467544556, 0.14801263809204, 0.0082073211669922, -0.13903641700745, -0.037087917327881, 0.079360723495483, 0.090069055557251, 0.10080933570862, 0.21648073196411, 0.24415826797485, 0.24595737457275, 0.14415287971497, 0.19518733024597, 0.16549301147461, 0.21098685264587, 0.24454236030579, 0.25237989425659, 0.24666595458984, 0.28994488716125, 0.31173324584961, 0.26414108276367, 0.20440435409546, 0.12937498092651, 0.097202777862549, 0.090887546539307, 0.15002751350403, 0.20571088790894, 0.36837577819824, 0.34231376647949
0.043453216552734, 0.096708536148071, 0.069472789764404, -0.065456867218018, -0.019725561141968, -0.090973377227783, -0.12794017791748, -0.074657201766968, -0.1160478591919, -0.13211846351623, -0.081270217895508, -0.17276048660278, -0.21004009246826, -0.18975329399109, -0.1214451789856, -0.036682605743408, -0.10380387306213, -0.14624547958374, 0.078156471252441, 0.026714324951172, -0.0051577091217041, 0.064218997955322, 0.10717582702637, 0.12959814071655, 0.19280743598938, 0.24630570411682, 0.25804829597473, 0.22899866104126, 0.20380115509033, 0.13702368736267, 0.16386914253235, 0.2156572341919, 0.18442511558533, 0.24240136146545, 0.29144859313965, 0.28417706489563, 0.2248387336731, 0.14059782028198, 0.087358474731445, 0.062396049499512, 0.079840898513794, 0.10479283332825, 0.1926691532135, 0.3639760017395, 0.34231376647949
0.043453216552734, 0.092237710952759, 0.064828872680664, -0.07086968421936, -0.011485815048218, -0.051071643829346, -0.10536360740662, -0.09344220161438, -0.083537340164185, -0.10816407203674, -0.1260461807251, -0.23317933082581, -0.086061477661133, -0.050811290740967, -0.31773018836975, -0.15060567855835, 0.046260118484497, -0.074921131134033, -0.021023273468018, -0.065493106842041, -0.083349704742432, -0.02350926399231, 0.010481595993042, 0.062744855880737, 0.10860371589661, 0.18390393257141, 0.17511343955994, 0.12626719474793, 0.089731216430664, 0.098458766937256, 0.11428284645081, 0.14823174476623, 0.15434336662293, 0.21011424064636, 0.24258351325989, 0.25307488441467, 0.18827843666077, 0.15384554862976, 0.056461334228516, 0.028847694396973, 0.070867538452148, 0.064619541168213, 0.18130397796631, 0.36140966415405, 0.34231376647949
0.043453216552734, 0.087857007980347, 0.058090209960938, -0.076836824417114, -0.028444290161133, -0.0047938823699951, -0.081535577774048, -0.11239218711853, -0.036772966384888, -0.089232206344605, -0.15994000434875, -0.24806666374207, -0.2711865901947, -0.29979705810547, -0.057032585144043, -0.16426038742065, -0.086841344833374, -0.11566591262817, -0.10934686660767, -0.14486360549927, -0.15581369400024, -0.1143913269043, -0.080924510955811, -0.0016300678253174, 0.028241157531738, 0.078243494033814, 0.076480388641357, 0.038845777511597, 0.017484188079834, 0.036039352416992, 0.06456184387207, 0.0775306224823, 0.10055708885193, 0.16375827789307, 0.18253302574158, 0.21187782287598, 0.17979431152344, 0.061424493789673, 0.026715755462647, 0.007371187210083, 0.06302547454834, 0.058154582977295, 0.17262482643127, 0.3546462059021, 0.34231376647949
0.043453216552734, 0.083969354629517, 0.051565647125244, -0.083334684371948, -0.046875953674316, 0.018608570098877, -0.057631492614746, -0.13310480117798, -0.033235549926758, -0.12761759757996, -0.15095281600952, -0.015593528747559, -0.025745153427124, -0.073495864868164, -0.09218692779541, -0.15624356269836, -0.18922019004822, -0.15047025680542, -0.15242314338684, -0.18525838851929, -0.20796322822571, -0.20046138763428, -0.1532998085022, -0.068117141723633, -0.10099244117737, -0.018281698226929, -0.0095546245574951, -0.033522605895996, -0.020393371582031, -0.028747320175171, 0.0063717365264893, 0.038508176803589, 0.070916652679443, 0.11581921577454, 0.1549801826477, 0.22056221961975, 0.22790765762329, 0.071071624755859, 0.00058937072753906, 0.0071308612823486, 0.029104232788086, 0.063799619674683, 0.16801953315735, 0.34093379974365, 0.34231376647949
0.043453216552734, 0.08069372177124, 0.043869256973267, -0.08407473564148, -0.050330877304077, 0.011316537857056, -0.047665119171143, -0.11920928955078, -0.092550039291382, -0.14713835716248, -0.06923246383667, 0.041944026947021, -0.035919427871704, -0.082481861114502, -0.17467761039734, -0.21178150177002, -0.25987195968628, -0.22357749938965, -0.21086883544922, -0.22784876823425, -0.28336358070374, -0.27282333374023, -0.22595691680908, -0.19090127944946, -0.18392896652222, -0.16868376731873, -0.09979510307312, -0.069021224975586, -0.066406726837158, -0.069342851638794, -0.072555541992188, -0.028578042984009, -0.008190393447876, 0.019230127334595, 0.10982799530029, 0.16269016265869, 0.20606732368469, 0.083508491516113, -0.024531126022339, -0.010178565979004, 0.025607585906982, 0.070268630981445, 0.16929531097412, 0.32442355155945, 0.34231376647949
0.043453216552734, 0.077630281448364, 0.034097671508789, -0.078919410705566, -0.054803609848023, 0.00095486640930176, -0.035386323928833, -0.096236705780029, -0.1407995223999, -0.11357021331787, -0.017251968383789, -0.025201559066772, -0.052283048629761, -0.10212635993958, -0.16683173179627, -0.26429224014282, -0.30679559707642, -0.29944014549255, -0.28226590156555, -0.29779243469238, -0.35987901687622, -0.35381293296814, -0.32822203636169, -0.33089113235474, -0.31036686897278, -0.23521304130554, -0.22707557678223, -0.1597421169281, -0.12474822998047, -0.15700936317444, -0.11247396469116, -0.0049738883972168, -0.026058912277222, -0.0075984001159668, 0.047833442687988, 0.098072052001953, 0.11257934570313, 0.012289047241211, -0.057356834411621, -0.061999320983887, 0.0092155933380127, 0.086481332778931, 0.17421841621399, 0.30823469161987, 0.34231376647949
0.043453216552734, 0.074796438217163, 0.024227619171143, -0.059936761856079, -0.060478925704956, -0.0079553127288818, -0.063336610794067, -0.098049163818359, -0.18667578697205, -0.12761545181274, -0.058347225189209, -0.092645168304443, -0.093112707138061, -0.12246012687683, -0.15770554542542, -0.26679873466492, -0.30164885520935, -0.22418713569641, -0.14836883544922, -0.22722554206848, -0.26106142997742, -0.27804803848267, -0.26416611671448, -0.44069480895996, -0.43908762931824, -0.40391087532044, -0.35711288452148, -0.30811834335327, -0.2682363986969, -0.18700528144836, -0.13408088684082, -0.018098831176758, -0.10453414916992, -0.05930757522583, -0.0089864730834961, 0.015223026275635, 0.037949562072754, -0.043345928192139, -0.096701860427856, -0.106290102005, 0.018051862716675, 0.10972738265991, 0.18074727058411, 0.29243397712707, 0.34231376647949
0.043453216552734, 0.072205305099487, 0.01540994644165, -0.053503036499023, -0.075049877166748, -0.035005807876587, -0.089102983474731, -0.10362958908081, -0.18374419212341, -0.1520082950592, -0.071670293807983, -0.12701201438904, -0.10664558410644, -0.12921285629273, -0.11147618293762, -0.19599366188049, -0.18966031074524, -0.08742094039917, -0.16158699989319, -0.24197268486023, -0.30494070053101, -0.33866214752197, -0.33451199531555, -0.40667009353638, -0.58499789237976, -0.44689607620239, -0.3810715675354, -0.42921090126038, -0.32652759552002, -0.25048851966858, -0.15837240219116, -0.0037126541137695, -0.052042722702026, -0.1007194519043, -0.050862073898315, -0.024290800094604, -0.027207374572754, -0.025504350662231, -0.15275859832764, -0.12232899665833, 0.035191297531128, 0.13346886634827, 0.19305276870728, 0.27707886695862, 0.34231376647949
0.043453216552734, 0.069153547286987, 0.0074937343597412, -0.064365863800049, -0.084715127944946, -0.055224418640137, -0.11975026130676, -0.097345113754273, -0.14431834220886, -0.15775275230408, -0.04763650894165, -0.064162492752075, -0.064514875411987, -0.049863815307617, -0.043452024459839, -0.10198926925659, -0.072248935699463, -0.33400845527649, -0.51262378692627, -0.60131812095642, -0.67763686180115, -0.70121264457703, -0.70414447784424, -0.66737174987793, -0.36655211448669, -0.76698112487793, -0.66969799995422, -0.5109531879425, -0.40845108032227, -0.33067059516907, -0.16833209991455, -0.035019874572754, -0.025607347488403, -0.13489723205566, -0.085854053497314, -0.09468412399292, -0.086156368255615, -0.11246848106384, -0.17657065391541, -0.12695646286011, 0.036380052566528, 0.15527033805847, 0.20323276519775, 0.26222848892212, 0.34231376647949
0.043453216552734, 0.065481901168823, 0.00031399726867676, -0.073211908340454, -0.086684942245483, -0.080055952072144, -0.13632559776306, -0.055826425552368, -0.12891221046448, -0.14354777336121, -0.035020112991333, 0.014365196228027, -0.0092363357543945, 0.015044927597046, -0.00026106834411621, -0.02153491973877, -0.27995538711548, -0.53932523727417, -0.78527569770813, -0.89722323417664, -0.92327451705933, -0.93854546546936, -0.96746921539307, -0.95693564414978, -0.7044951915741, -0.98006629943848, -0.79570555686951, -0.66566157341003, -0.51394057273865, -0.34658217430115, -0.1997344493866, -0.0970458984375, -0.090751647949219, -0.21930921077728, -0.15921807289123, -0.17266750335693, -0.13260102272034, -0.12146091461182, -0.16464352607727, -0.13923764228821, 0.049368858337402, 0.17397022247315, 0.17882966995239, 0.24792909622192, 0.34231376647949
0.043453216552734, 0.061967372894287, -0.0064842700958252, -0.081002235412598, -0.12523579597473, -0.13653445243835, -0.13272786140442, -0.055961608886719, -0.12538862228394, -0.16262745857239, -0.042823314666748, -0.018813371658325, -0.030426979064941, -0.049954891204834, -0.066505432128906, -0.16673493385315, -0.44805645942688, -0.72530555725098, -0.92813014984131, -1.0805006027222, -1.128532409668, -1.126006603241, -1.142594575882, -1.1455125808716, -0.81853866577148, -1.102445602417, -0.94272089004517, -0.74353492259979, -0.56818354129791, -0.40196514129639, -0.29549193382263, -0.2079381942749, -0.36434817314148, -0.32621490955353, -0.28793895244598, -0.21235656738281, -0.16338443756103, -0.1100447177887, -0.14638447761536, -0.11984777450562, 0.06522798538208, 0.17883610725403, 0.15614581108093, 0.23418784141541, 0.34231376647949
0.043453216552734, 0.058624982833862, -0.010426759719849, -0.090650796890259, -0.17071437835693, -0.17830109596252, -0.1423122882843, -0.058282136917114, -0.1516420841217, -0.17648649215698, -0.049855232238769, -0.020829439163208, -0.060666084289551, -0.10902452468872, -0.14028596878052, -0.31254601478577, -0.59856915473938, -0.87285256385803, -1.0894198417664, -1.2114834785461, -1.2516787052155, -1.2477424144745, -1.2619042396545, -1.2641296386719, -0.83197402954102, -1.2131505012512, -1.0934045314789, -0.89364433288574, -0.69515776634216, -0.57202053070068, -0.43700218200684, -0.32207810878754, -0.50763726234436, -0.43634116649628, -0.35562920570374, -0.25300586223602, -0.18589758872986, -0.15342354774475, -0.13717293739319, -0.096037864685059, 0.078131198883057, 0.16424345970154, 0.13389110565186, 0.22107744216919, 0.34231567382813
0.043453216552734, 0.055475473403931, -0.013444423675537, -0.10000252723694, -0.17440795898438, -0.17700815200806, -0.13175702095032, -0.085890054702759, -0.0925612449646, -0.1311628818512, -0.074028491973877, -0.040101289749146, -0.087768316268921, -0.13852620124817, -0.19823598861694, -0.42085480690002, -0.74642968177795, -1.0315506458283, -1.2135837078095, -1.3300321102142, -1.3620994091034, -1.3363289833069, -1.3309414386749, -1.3130843639374, -0.80508828163147, -1.2267048358917, -1.2886769771576, -1.158856511116, -0.84353768825531, -0.67006170749664, -0.50510954856873, -0.43893444538116, -0.56576383113861, -0.47924375534058, -0.37820208072662, -0.27149152755737, -0.20530319213867, -0.17862439155579, -0.14436292648315, -0.078718423843384, 0.083476781845093, 0.17453026771545, 0.11203932762146, 0.20865201950073, 0.34231567382813
0.043453216552734, 0.052534341812134, -0.015527486801148, -0.10849761962891, -0.1763641834259, -0.1746141910553, -0.12794923782349, -0.084718942642212, -0.095903158187866, -0.096038818359375, -0.088887453079224, -0.075513362884521, -0.12888503074646, -0.17083930969238, -0.24952411651611, -0.48429298400879, -0.81830739974976, -1.0885870456696, -1.2933163642883, -1.3242964744568, -1.3570590019226, -1.3567836284638, -1.3306677341461, -1.312079668045, -0.79433417320251, -1.3095667362213, -1.5446621179581, -1.4140642881393, -1.065710067749, -0.74053919315338, -0.50126647949219, -0.44499576091766, -0.54005122184753, -0.4561277627945, -0.36656641960144, -0.26459658145905, -0.18772959709168, -0.156414270401, -0.12321639060974, -0.061414957046509, 0.091865539550781, 0.18366146087647, 0.10177826881409, 0.19985008239746, 0.34231567382813
0.043453216552734, 0.051065921783447, -0.01510739326477, -0.11066627502441, -0.17799997329712, -0.16926026344299, -0.11590909957886, -0.057980298995972, -0.084734201431274, -0.087650537490845, -0.07978892326355, -0.077995777130127, -0.14612507820129, -0.19167828559875, -0.29993009567261, -0.49835777282715, -0.80628323554993, -1.0468158721924, -1.2296895980835, -1.3060021400452, -1.339733839035, -1.3307945728302, -1.317330121994, -1.241996049881, -0.79945921897888, -1.2747688293457, -1.569850564003, -1.4799712896347, -1.2710626125336, -0.8456027507782, -0.54169881343842, -0.45883226394653, -0.49414563179016, -0.41571688652039, -0.33645570278168, -0.25233113765717, -0.18213868141174, -0.13492155075073, -0.10222101211548, -0.040514469146729, 0.10893726348877, 0.19395804405212, 0.10953426361084, 0.20532846450806, 0.34231567382813
0.043453216552734, 0.050589561462402, -0.013561964035034, -0.10727548599243, -0.16958332061768, -0.16086912155151, -0.093286514282227, -0.021358013153076, -0.06047511100769, -0.056236267089844, -0.053978681564331, -0.032959938049316, -0.1043496131897, -0.16727876663208, -0.25575113296509, -0.39510178565979, -0.6833016872406, -0.94348549842834, -1.1431839466095, -1.2636213302612, -1.2773225307465, -1.2500102519989, -1.0808217525482, -1.0681850910187, -0.80150318145752, -1.286863565445, -1.4856894016266, -1.3822524547577, -1.234566450119, -0.95015406608581, -0.60650777816773, -0.54304683208466, -0.49281191825867, -0.38656735420227, -0.31427979469299, -0.23722267150879, -0.16749000549316, -0.11128401756287, -0.081348657608032, -0.01736044883728, 0.12806487083435, 0.20687985420227, 0.11935806274414, 0.21403479576111, 0.34231567382813
0.043453216552734, 0.050352573394775, -0.013313293457031, -0.10295391082764, -0.16142511367798, -0.15000677108765, -0.092812299728393, -0.0016708374023438, -0.014204502105713, -0.025455951690674, -0.01293420791626, 0.0019099712371826, -0.094788789749145, -0.2254204750061, -0.24856114387512, -0.3178277015686, -0.52735662460327, -0.82073903083801, -1.0258100032806, -1.1182537078857, -1.0641102790833, -1.0483767986298, -1.0379543304443, -1.0332770347595, -0.79406881332398, -1.2142477035523, -1.3778504133225, -1.2374614477158, -1.0343191623688, -0.86844217777252, -0.63165771961212, -0.56256461143494, -0.49680006504059, -0.39202857017517, -0.32795882225037, -0.26483452320099, -0.18477773666382, -0.12826061248779, -0.078086137771607, -0.0057427883148193, 0.15000867843628, 0.21888661384583, 0.12827014923096, 0.22329187393188, 0.34231567382813
0.043453216552734, 0.050360202789307, -0.012218952178955, -0.11117362976074, -0.15130281448364, -0.14673137664795, -0.08922266960144, 0.0021820068359375, 0.00053930282592773, -0.0063707828521728, 0.0013628005981445, -0.048633813858032, -0.12708520889282, -0.19874930381775, -0.22652220726013, -0.30134963989258, -0.41210722923279, -0.6243143081665, -0.81747078895569, -0.89128541946411, -0.95640397071838, -0.96904158592224, -0.96516895294189, -1.1657392978668, -0.86917972564697, -1.2047393321991, -1.1048674583435, -0.94025254249573, -0.84822046756744, -0.74528384208679, -0.62480211257935, -0.56214809417725, -0.48543870449066, -0.38552296161652, -0.31970810890198, -0.25995087623596, -0.21562016010284, -0.17111778259277, -0.073177337646484, -0.0019807815551758, 0.13688254356384, 0.21863460540772, 0.13646364212036, 0.233065366745, 0.34231567382813
0.043453216552734, 0.050897598266602, -0.010710000991821, -0.11159729957581, -0.13596248626709, -0.14872813224793, -0.095701694488525, -0.001723051071167, 0.0070443153381348, 0.0063519477844238, 0.014115571975708, -0.037382841110229, -0.068802356719971, -0.096331834793091, -0.17617917060852, -0.24237179756165, -0.35049939155579, -0.4411289691925, -0.61316156387329, -0.71584987640381, -0.8037838935852, -0.83761167526245, -0.96430420875549, -1.0629363059998, -0.93273687362671, -1.1064963340759, -0.90405142307282, -0.77134120464325, -0.69079494476318, -0.63198292255402, -0.56911468505859, -0.53600060939789, -0.47573232650757, -0.38570654392242, -0.3202383518219, -0.24776422977447, -0.20319032669067, -0.14596557617188, -0.062739610671997, 0.010870695114136, 0.120041847229, 0.19128608703613, 0.14627575874329, 0.24331474304199, 0.34231567382813
0.043453216552734, 0.053002834320068, -0.029773712158203, -0.11209106445313, -0.12927317619324, -0.15454435348511, -0.10185599327087, -0.015631437301636, -0.048946142196655, -0.002197265625, 0.016215324401856, -0.0074131488800049, 0.010569572448731, 0.0037720203399658, -0.06369686126709, -0.12789583206177, -0.23097157478333, -0.37722754478455, -0.47257900238037, -0.54057860374451, -0.564786195755, -0.57460784912109, -0.56970310211182, -0.77810573577881, -0.84290289878845, -1.0414679050446, -0.83398342132568, -0.68388736248016, -0.60633742809296, -0.54101145267487, -0.50210106372833, -0.51310038566589, -0.4580887556076, -0.41113221645355, -0.33610284328461, -0.25808823108673, -0.19230771064758, -0.12344098091125, -0.020993232727051, 0.03663444519043, 0.12137317657471, 0.16391968727112, 0.14443922042847, 0.25400614738464, 0.34231567382813
0.043453216552734, 0.055354833602905, -0.045297145843506, -0.1113395690918, -0.12604093551636, -0.15425705909729, -0.10216617584229, -0.051808357238769, -0.098926067352295, 0.0075604915618897, -0.03606390953064, -0.024099349975586, 0.035611629486084, 0.084578275680542, 0.037996530532837, -0.055825471878052, -0.14463114738464, -0.28426837921143, -0.43432211875916, -0.50385046005249, -0.51282978057861, -0.55804300308227, -0.55848693847656, -0.60931301116943, -0.82078146934509, -0.87545847892761, -0.81834053993225, -0.72424459457398, -0.5829746723175, -0.49633860588074, -0.4773668050766, -0.48788940906525, -0.44224953651428, -0.41388559341431, -0.37008941173554, -0.25959873199463, -0.18376612663269, -0.10505557060242, 0.0096936225891113, 0.071507692337036, 0.13931012153625, 0.13495635986328, 0.13508009910583, 0.2650990486145, 0.34231567382813
0.043453216552734, 0.05793833732605, -0.059107542037964, -0.1118803024292, -0.12065577507019, -0.14009070396423, -0.11377859115601, -0.076523780822754, -0.082437753677368, -0.053794145584106, -0.041648149490356, -0.03932785987854, 0.046921253204346, 0.1422016620636, 0.070703983306885, -0.0082466602325439, -0.070659399032593, -0.23189997673035, -0.34411334991455, -0.37356400489807, -0.38575029373169, -0.45432543754578, -0.45500802993774, -0.50176596641541, -0.62767052650452, -0.66131687164307, -0.67277026176453, -0.64717411994934, -0.56557726860046, -0.48947286605835, -0.50270128250122, -0.50394058227539, -0.44962453842163, -0.39908587932587, -0.38014471530914, -0.27802753448486, -0.16221904754639, -0.077414751052856, 0.021247148513794, 0.10931730270386, 0.16144490242004, 0.10561871528625, 0.13053250312805, 0.27655506134033, 0.34231567382813
0.043453216552734, 0.060739755630493, -0.07475471496582, -0.11239171028137, -0.10345482826233, -0.12176370620728, -0.10755085945129, -0.040651321411133, -0.063910007476807, -0.046814918518066, -0.03356671333313, -0.053707838058472, -0.013965606689453, 0.061032056808472, 0.096160888671875, 0.033166170120239, -0.086572408676148, -0.22783136367798, -0.24626183509827, -0.24926257133484, -0.26239109039307, -0.29899454116821, -0.29660797119141, -0.34128475189209, -0.3824508190155, -0.46317982673645, -0.47008562088013, -0.47536540031433, -0.48560166358948, -0.50587368011475, -0.56309700012207, -0.57536113262177, -0.49763202667236, -0.40564620494843, -0.33144891262054, -0.23097372055054, -0.13367819786072, -0.045082569122315, 0.035216331481934, 0.12793350219727, 0.17330074310303, 0.10222411155701, 0.12735676765442, 0.28820610046387, 0.34231567382813
0.043453216552734, 0.063294649124145, -0.088378190994263, -0.1094012260437, -0.086126565933227, -0.099908113479614, -0.093632221221924, -0.02428936958313, -0.028148651123047, -0.0040245056152344, -0.041728258132935, -0.0088889598846435, -0.024759769439697, -0.063635587692261, 0.0067789554595947, 0.023983478546143, -0.10942220687866, -0.19062566757202, -0.13019013404846, -0.11963200569153, -0.13371777534485, -0.14838433265686, -0.13966464996338, -0.13510704040527, -0.17545604705811, -0.24444127082825, -0.23311686515808, -0.28700280189514, -0.37905597686768, -0.44649243354797, -0.54524111747742, -0.5783486366272, -0.52104043960571, -0.37106657028198, -0.27559185028076, -0.1788125038147, -0.093782901763916, -0.0043485164642334, 0.062617778778076, 0.14882802963257, 0.1738772392273, 0.098903894424439, 0.12554359436035, 0.29914569854736, 0.34231567382813
0.043453216552734, 0.056678056716919, -0.099897623062134, -0.10433411598206, -0.073312520980835, -0.077713012695313, -0.099769592285156, -0.026136636734009, 0.0038135051727295, 0.018603086471558, -0.027486085891724, -0.029763460159302, -0.068647623062134, -0.078217267990112, 0.0039165019989014, 0.0057797431945801, -0.044069766998291, -0.085729598999023, -0.040719985961914, -0.029824495315552, -0.054402828216553, -0.068712472915649, -0.03563928604126, 0.0084476470947266, 0.001115083694458, -0.051915884017944, -0.060985088348389, -0.14208626747131, -0.21405601501465, -0.28815913200378, -0.47559642791748, -0.49591946601868, -0.47146010398865, -0.38754105567932, -0.25610876083374, -0.13721942901611, -0.063281774520874, 0.047875165939331, 0.080279350280762, 0.17129611968994, 0.16615629196167, 0.094832181930542, 0.12508487701416, 0.30507183074951, 0.34231567382813
0.043453216552734, 0.050876617431641, -0.090299367904663, -0.096735000610352, -0.06233549118042, -0.092775106430054, -0.10159778594971, -0.023980617523193, -0.019459247589111, 0.0029807090759277, 0.0077939033508301, 0.015331745147705, -0.065565586090088, -0.030261278152466, 0.013776302337647, 0.027660131454468, 0.07882833480835, 0.04927134513855, 0.036133766174316, 0.030735731124878, -0.019742012023926, -0.019039630889893, 0.022744655609131, 0.066778659820557, 0.086411237716675, 0.084067583084106, 0.057462215423584, -0.027192115783691, -0.070748805999756, -0.13857340812683, -0.3000340461731, -0.35840010643005, -0.35455465316773, -0.34095144271851, -0.1785843372345, -0.10289335250855, -0.019675016403198, 0.046660184860229, 0.080314874649048, 0.19231247901917, 0.15709948539734, 0.090024471282959, 0.12597322463989, 0.30795550346375, 0.34231567382813
0.043453216552734, 0.045925855636597, -0.08083987236023, -0.089493274688721, -0.050817728042602, -0.089263439178467, -0.099417209625244, -0.034855604171753, -0.07616400718689, 0.029749155044556, 0.011359930038452, 0.038179159164429, 0.0251145362854, 0.0011734962463379, 0.037467241287231, 0.041319131851196, 0.10456490516663, 0.097400903701782, 0.082008600234985, 0.099713802337646, 0.04972505569458, 0.058786630630493, 0.077460289001465, 0.11558651924133, 0.095526456832886, 0.15689659118652, 0.12859988212585, 0.041023015975952, 0.04727840423584, 0.029920816421509, -0.095849514007568, -0.20455813407898, -0.2791485786438, -0.28436398506165, -0.15978002548218, -0.068568468093872, 0.03961181640625, 0.028010129928589, 0.058789014816284, 0.17592287063599, 0.14552211761475, 0.084603786468506, 0.14212107658386, 0.3116614818573, 0.34231567382813
0.043453216552734, 0.041535377502441, -0.072043418884277, -0.082639932632446, -0.041488885879517, -0.10062861442566, -0.097706079483032, -0.086387872695923, -0.084530591964722, 0.060586214065552, 0.0088157653808594, 0.0067682266235352, 0.073173522949219, 0.12455010414124, 0.093798160552979, 0.11797761917114, 0.10512757301331, 0.14992618560791, 0.10731720924377, 0.15994048118591, 0.11766386032105, 0.11935067176819, 0.12230157852173, 0.1683247089386, 0.09730863571167, 0.17144751548767, 0.20869445800781, 0.16703915596008, 0.13613891601563, 0.09142541885376, -0.011383771896362, -0.17393326759338, -0.22978091239929, -0.20375800132752, -0.12929391860962, -0.021228551864624, 0.046274900436401, 0.016865730285645, 0.042194843292236, 0.12876796722412, 0.13282775878906, 0.10126757621765, 0.15738654136658, 0.31362724304199, 0.34231567382813
0.043453216552734, 0.037207841873169, -0.063055992126465, -0.072220325469971, -0.04042911529541, -0.11684107780457, -0.09596586227417, -0.12725639343262, -0.08741021156311, 0.0048794746398926, -0.039327383041382, 0.024502992630005, 0.05310845375061, 0.2451798915863, 0.15040135383606, 0.18630766868591, 0.16457200050354, 0.19779109954834, 0.11228156089783, 0.19270849227905, 0.17147850990295, 0.15675354003906, 0.13495373725891, 0.17758274078369, 0.14066481590271, 0.22331953048706, 0.28347206115723, 0.26789569854736, 0.22552442550659, 0.16757106781006, -0.086932897567749, -0.16901993751526, -0.12282371520996, -0.089893579483032, -0.072172403335571, 0.015460729598999, 0.02201771736145, 0.012728452682495, 0.0052399635314941, 0.073623418807983, 0.11839962005615, 0.11805629730225, 0.17135906219482, 0.31610321998596, 0.34231567382813
0.043453216552734, 0.033798456192017, -0.053927898406982, -0.057167053222656, -0.05119776725769, -0.11639928817749, -0.091625690460205, -0.14874529838562, -0.080794095993042, -0.058355808258057, -0.085800647735596, -0.037865877151489, 0.051536321640015, 0.18187475204468, 0.12317490577698, 0.1649124622345, 0.17018604278565, 0.19944882392883, 0.13165855407715, 0.21009063720703, 0.18635964393616, 0.16247749328613, 0.14175701141357, 0.17951798439026, 0.2047073841095, 0.25986409187317, 0.33932018280029, 0.33060884475708, 0.24828839302063, 0.12375569343567, -0.07660698890686, -0.083045959472656, -0.0046992301940918, 0.045862913131714, 0.022120714187622, -0.047944068908691, -0.0063011646270752, 0.00023245811462402, -0.045815944671631, 0.021026849746704, 0.10615038871765, 0.13645148277283, 0.18626594543457, 0.31966018676758, 0.34231567382813
0.043453216552734, 0.031312704086304, -0.044705629348755, -0.041918277740479, -0.056999921798706, -0.11569285392761, -0.13135647773743, -0.1527590751648, -0.079030275344849, -0.084417104721069, -0.1215763092041, -0.097816467285156, -0.069946050643921, 0.005643367767334, 0.040590047836304, 0.076470851898193, 0.086424589157105, 0.095401525497436, 0.10504078865051, 0.16034936904907, 0.11899995803833, 0.107914686203, 0.10492038726807, 0.15385341644287, 0.18749284744263, 0.21950340270996, 0.26424384117126, 0.32568573951721, 0.28548550605774, 0.14256525039673, 0.07047963142395, 0.067357778549194, 0.12306308746338, 0.19244503974915, 0.0027837753295898, -0.10706305503845, -0.089654922485352, -0.039047718048096, -0.083302974700928, -0.028968334197998, 0.1297025680542, 0.1565957069397, 0.20207858085632, 0.32428216934204, 0.34231567382813
0.043453216552734, 0.027836084365845, -0.035436868667602, -0.026530981063843, -0.048190116882324, -0.11485838890076, -0.17109131813049, -0.13585782051086, -0.10980772972107, -0.12540888786316, -0.15195107460022, -0.13541579246521, -0.11310982704163, -0.10313892364502, -0.11456680297852, -0.044041872024536, 0.037547826766968, 0.060706377029419, 0.041122674942017, 0.1076340675354, 0.083250999450684, 0.085626363754273, 0.074732065200806, 0.032970666885376, 0.080325841903686, 0.083666086196899, 0.10665488243103, 0.27687835693359, 0.22383642196655, 0.24268245697022, 0.20140790939331, 0.18017792701721, 0.17560911178589, 0.15793323516846, -0.028877258300781, -0.16339182853699, -0.16505694389343, -0.080868482589722, -0.11996817588806, -0.03911566734314, 0.13709354400635, 0.17775678634644, 0.2187659740448, 0.3298122882843, 0.34231567382813
0.043453216552734, 0.01763653755188, -0.026867628097534, -0.011740922927856, -0.038994073867798, -0.086511135101318, -0.19293808937073, -0.1711790561676, -0.1528115272522, -0.1897714138031, -0.20375847816467, -0.16969537734985, -0.12534785270691, -0.11088418960571, -0.14932703971863, -0.074519395828247, 0.00062489509582519, 0.013620615005493, -0.019051790237427, 0.042216300964356, 0.094851016998291, 0.084984064102173, 0.048117160797119, -0.074085712432861, -0.049500465393066, -0.061273097991943, -0.058932542800903, 0.049956083297729, 0.14425349235535, 0.22832155227661, 0.23991847038269, 0.070335865020752, 0.14023685455322, 0.092482566833496, -0.05366849899292, -0.19646906852722, -0.2392692565918, -0.12351655960083, -0.11114883422852, -0.023101091384888, 0.14355802536011, 0.20016145706177, 0.23628425598145, 0.33639025688171, 0.34231567382813
0.043453216552734, 0.0082359313964844, -0.018834114074707, 0.0032012462615967, -0.028555870056152, -0.061246156692505, -0.16512155532837, -0.15817642211914, -0.18118453025818, -0.24585270881653, -0.25126528739929, -0.22080874443054, -0.20218563079834, -0.1702835559845, -0.17920351028442, -0.14615869522095, -0.03216028213501, -0.040505170822144, -0.0483558177948, 0.014477491378784, 0.094516038894653, 0.040400505065918, -0.023027420043945, -0.088061332702637, -0.081717014312744, -0.041668653488159, -0.044418334960938, -0.0071141719818115, 0.070884943008423, 0.17584180831909, 0.25889086723328, -0.032406091690063, -0.00027680397033691, -0.022310733795166, -0.1122932434082, -0.22751212120056, -0.25462865829468, -0.12726759910583, -0.077962636947632, 0.0042159557342529, 0.15107226371765, 0.22442245483398, 0.25459241867065, 0.34400463104248, 0.34231567382813
0.043453216552734, -0.00033259391784668, -0.013731479644775, 0.018252849578857, -0.016620635986328, -0.041367292404175, -0.13672375679016, -0.11570620536804, -0.15206813812256, -0.23536229133606, -0.26313734054565, -0.25944185256958, -0.25395607948303, -0.22110080718994, -0.20642995834351, -0.22470378875732, -0.10523200035095, -0.13428616523743, -0.090131044387817, -0.11159038543701, -0.055723667144775, -0.084921598434448, -0.089574813842773, -0.070865869522095, -0.019087314605713, -0.0053582191467285, 0.00191330909729, 0.055026531219482, 0.097427606582642, 0.11362290382385, 0.1607186794281, -0.13254833221436, -0.13887190818787, -0.093073606491089, -0.12110662460327, -0.15063571929932, -0.21315217018127, -0.12997317314148, -0.04040002822876, 0.048846483230591, 0.16102528572083, 0.25014138221741, 0.27647471427918, 0.35263848304749, 0.34231567382813
0.043453216552734, -0.0080466270446777, -0.011839389801025, 0.0076868534088135, -0.014537334442139, -0.024802923202515, -0.10883188247681, -0.069435358047485, -0.14895009994507, -0.21780276298523, -0.26299810409546, -0.24859261512756, -0.2459671497345, -0.22869229316711, -0.21787595748901, -0.17635560035706, -0.14292025566101, -0.147953748703, -0.11186838150024, -0.15158796310425, -0.11579489707947, -0.12637591362, -0.12325215339661, -0.060683250427246, -0.061366319656372, -0.06788444519043, -0.048428058624268, 0.010638475418091, 0.00099444389343262, 0.028619289398193, 0.03185772895813, -0.2471969127655, -0.17988872528076, -0.064197778701782, -0.082386493682861, -0.064300775527954, -0.16470122337341, -0.13065981864929, 0.0012726783752441, 0.096502304077148, 0.18042898178101, 0.2705705165863, 0.29926705360413, 0.36227583885193, 0.34231567382813
