,0,1,2,3,4,5,6,7,8,9,10,11,12,13,14,15,16,17,18,19,20,21,22,23,24,25,26,27,28,29,30,31,32,33,34,35,36,37,38,39,40,41,42,43,44,45,46,47,48,49,50,51,52,53,54,55,56,57,58,59,60,61,62,63,64,65,66,67,68,69,70,71,72,73,74,75,76,77,78,79,80,81,82,83,84,85,86,87,88,89,90,91,92,93,94,95,96,97,98,99,100,101,102,103,104,105,106,107,108,109,110,111,112,113,114,115,116,117,118,119
0,1.5986111141246637,1.5986111141246637,1.5986111141246637,1.5986111141246637,1.5986111141246637,1.5986111141246637,1.5986111141246637,1.5986111141246637,1.5986108829409658,1.5986108829409658,1.5986108829409658,1.5986108829409658,1.5986108829409658,1.5986108829409658,1.5986108829409658,1.5986108829409658,1.5986108829409658,1.5986108829409658,1.5986108829409658,1.5986108829409658,1.5986108829409658,1.5986108829409658,1.5986108829409658,1.5986108829409658,1.5986108829409658,1.5986108829409658,1.5986108829409658,1.5986108829409658,1.5986108829409658,1.5986108829409658,1.5986108829409658,1.5986108829409658,1.5986108829409658,1.5986108829409658,1.5986108829409658,1.5986108829409658,1.5986108829409658,1.5986108829409658,1.5986108829409658,1.5986108829409658,1.5986108829409658,1.5986108829409658,1.5986108829409658,1.5986108829409658,1.5986108829409658,1.5986108829409658,1.5986108829409658,1.5986108829409658,1.5986108829409658,1.5986108829409658,1.5986108829409658,1.5986106486027039,1.5986106486027039,1.5986108797864038,1.5986108797864038,1.5986108797864038,1.5986108797864038,1.5986108797864038,1.5986108797864038,1.5986108797864038,1.5986108797864038,1.5986108797864038,1.5986108797864038,1.5986108797864038,1.5986108797864038,1.5986108797864038,1.5986108797864038,1.5986108797864038,1.5986108797864038,1.5986108797864038,1.5986111141246637,1.5986111141246637,1.5986111141246637,1.598611633794917,1.598611633794917,1.598611633794917,1.598611633794917,1.598611633794917,1.598611633794917,1.598611633794917,1.598611633794917,1.598611633794917,1.598611633794917,1.598611633794917,1.598611633794917,1.598611633794917,1.598611633794917,1.598611633794917,1.598611633794917,1.598611633794917,1.598611633794917,1.598611633794917,1.598611633794917,1.598611633794917,1.598611633794917,1.598611633794917,1.598611633794917,1.598611633794917,1.598611633794917,1.598611633794917,1.598611633794917,1.598611633794917,1.598611633794917,1.598611633794917,1.598611633794917,1.598611633794917,1.598611633794917,1.598611633794917,1.5986111141246637,1.5986111141246637,1.5986111141246637,1.5986111141246637,1.5986111141246637,1.5986111141246637,1.5986111141246637,1.5986111141246637,1.5986111141246637,1.5986111141246637,1.5986111141246637,1.5986111141246637
1,1.4783372267745243,1.5013880793187366,1.5171461250348177,1.5341533456269192,1.5555672025829002,1.577869208835259,1.5987660267082962,1.6183054571810591,1.638793988623407,1.657102817056062,1.678098856378833,1.7038697873307902,1.730187304105168,1.7550685651967697,1.775296227863025,1.782095618169883,1.7867233087330896,1.7952288137399233,1.807715091771976,1.819249428044877,1.8322821122152406,1.8480711381243118,1.8603782564868117,1.8733152619355011,1.8840540170003708,1.8892473601614905,1.8931950930130073,1.8947950767083064,1.8976037190245227,1.906462598301749,1.9194615485187267,1.9350736527363195,1.9489774094946926,1.9647636238800987,1.972497092733383,1.9751957616844962,1.9765521101853585,1.9785046098511396,1.9823903452892255,1.98698671553981,1.9908253595136332,1.9949069979119785,1.9956355849802518,1.9974993666614564,1.998628265826593,1.9982849705450203,2.0152651861684214,2.011673470001125,2.0010479222705753,1.9881230407110875,1.9729882188766075,1.9590433740944149,1.9453389247508825,1.9285220044205678,1.9115726301122034,1.8965182992764043,1.8824774167358533,1.8691058525751978,1.856366380099525,1.844887831671437,1.8286627974014333,1.812654820959855,1.795895249820584,1.775212206333864,1.7479133295412599,1.7217661438269023,1.69494383406303,1.6670753662947986,1.6376474964641778,1.607125878788593,1.5775573041391142,1.5503416927485196,1.5256592292849651,1.4986800242107605,1.4703930530117686,1.4416892208338192,1.4109136070559678,1.380747709048877,1.3511406134833024,1.3279065224671094,1.308310074679116,1.288804730607053,1.2685829322219382,1.2480052026867545,1.2299428824780445,1.21517136660669,1.201344895853183,1.185179323725827,1.1639798721743613,1.1421081972809095,1.1228108789619717,1.1034870620855346,1.0847228313156654,1.0739835472853596,1.0663514131533167,1.0634815465088199,1.0665180054056353,1.0706328319605511,1.0747728504769085,1.0729736948736668,1.069973615351506,1.0707392243100533,1.0758072636507718,1.086054590141855,1.09752252834306,1.1139309062211362,1.1349847278619738,1.1527659351193138,1.1722755373342637,1.1941474948068973,1.2194016578849418,1.2448197688263374,1.2707015657403302,1.298058799771696,1.3258759841619978,1.3538847196326096,1.3821185312613267,1.4112382194041586,1.435697269145769,1.4569728177380432
2,1.2495648371082568,1.2912522684015826,1.3331746724289495,1.37623286225146,1.4231500882708432,1.4699118618191753,1.5178108299593116,1.5531911295503995,1.586558475346684,1.625889377574814,1.6727672539680993,1.7261442539561629,1.7801567992178209,1.8325940861592107,1.8769128245746973,1.903078714271634,1.9271842326899393,1.9408097497613037,1.9633269894694758,1.9943350146631769,2.0171471472686275,2.03200458262756,2.0396252784450026,2.044528692744619,2.0440248300427704,2.045034364100307,2.043624844542812,2.0420298521077758,2.0349341241480734,2.0377503132133916,2.058896051522925,2.0929064984606964,2.1270350097901893,2.154929992161671,2.1826409572973153,2.2068838761030207,2.229216941283927,2.257169434846078,2.2734258129033083,2.2875932628690103,2.3016065100467302,2.3207418311103707,2.3481197543235584,2.380981107961089,2.4082506181522376,2.4303808372547837,2.443201624612064,2.443133700767271,2.4435536266016187,2.4362336294842537,2.421677617586407,2.4010571876886915,2.374883709330785,2.3499450645656115,2.328349432222149,2.2795141337094846,2.2274637006793374,2.170524539964684,2.119304573438405,2.0716330577942146,2.0293307591526033,1.992260023148903,1.9460229878587174,1.8999701941240266,1.8541626530251905,1.807964424110985,1.7657823913133375,1.7162667611429112,1.661510657773106,1.6028116505292183,1.5423601262871616,1.4726120621258938,1.4054383418051042,1.3381223808568785,1.2799552402976688,1.2316736297123285,1.1909876468436558,1.1508100289226082,1.113892395876232,1.083841323557613,1.0649578058502538,1.0195146269229676,0.9772286930498417,0.9468718913471639,0.9115468438420362,0.8882910612459674,0.8700426303785642,0.849552935633346,0.8264723838147168,0.7884411338509608,0.7447770979885641,0.6974205243674673,0.6690737582806815,0.648086068163586,0.6296432389238598,0.6163564690108978,0.6003775917985332,0.5991750482482601,0.6074971320435664,0.6168373219619866,0.6210619551031785,0.6258123112763306,0.6270510002607778,0.6235218270139761,0.6249827958814665,0.6318113522127069,0.6481238848631136,0.6745416384467308,0.7067700389116893,0.7359595614978263,0.7665748330502477,0.8060015447175487,0.8514815551632586,0.8981775937191657,0.9438185501893924,0.9863849255937478,1.0352149470249132,1.091848856366456,1.1508897509463516,1.2056645034482618
3,1.2269199996589166,1.2750974624288542,1.3301934113491471,1.4002491291966344,1.4626298235106063,1.5003430667436868,1.5438788149512765,1.5828066355073105,1.6255904423085115,1.6628772754430223,1.6930627553473425,1.7358133722165028,1.7747049226949465,1.810260724118729,1.8533545121207156,1.866115540101318,1.8823964927693733,1.8927126090359185,1.902514882580858,1.9152523629180256,1.9438804507364655,1.9816254170197134,2.0046293528804693,2.009341259619602,2.0018569039405896,1.9876608295658427,1.9740290749548957,1.9435035284244593,1.9285863897050692,1.9181841169000797,1.9342892336262216,1.9678253309806764,2.000834330508928,2.0586147402546944,2.1205483782512373,2.172534940398713,2.229956321199922,2.284229313705297,2.3469559202886803,2.4043581234356775,2.464914346960361,2.516337060016936,2.5678934566617175,2.6178707092410747,2.6426898692360674,2.6510528615996645,2.670763980052556,2.6574508348533716,2.664122502210791,2.668419905002657,2.6686271570925246,2.67556167410058,2.659231158470106,2.6396508541745427,2.614533094635561,2.57930036846983,2.582463776349987,2.5273440616469034,2.4655888080272557,2.40206818854393,2.336635163500115,2.2448394939902725,2.1380631645311716,2.0332212682570114,1.9344203186749744,1.822237449678191,1.7164922226827803,1.6240192042576818,1.5233530036231406,1.4299714621492108,1.3465269351951668,1.2889390768725402,1.2461146461503214,1.1908943569543504,1.1552259672326992,1.13196103124977,1.087385727154015,1.0426359579533528,0.9941442741942836,0.9185202592941851,0.8364461958104328,0.7687147942713921,0.7244318822411997,0.669572605621395,0.6302169671726953,0.5935143099958717,0.5570370712592734,0.5321283730800693,0.5243609784906706,0.5057668301288472,0.4571777742509178,0.41775511198881127,0.36621272415747474,0.3360328813121259,0.30871141502492516,0.2901211953566587,0.28486988023812554,0.2829477598860648,0.2764566307440123,0.27579846476572295,0.2636024067321822,0.25350414203114296,0.2362923761549379,0.2324571465622263,0.2495904747915307,0.2800630389914589,0.311312131035789,0.35941394139978067,0.4018273968107251,0.4446750339496326,0.4934502325850815,0.5559065641896688,0.6316403286416282,0.7204212514379207,0.8059654163224317,0.8910094548707117,0.967321099116744,1.0396813809268484,1.1084364438042626,1.1741726999071123
4,1.2837400779390735,1.336388642451235,1.4057233606885693,1.4870548951899247,1.5614721260390398,1.6474405836674884,1.7306387055437276,1.791227722092208,1.8445335351747802,1.9003650365595304,1.948216996401217,1.9867953340907356,1.989233627268039,1.994742151878421,1.9714784568356727,1.9304557678935923,1.8642147593416145,1.838195448314271,1.798299563765481,1.7914528542619,1.7952916320996506,1.798189956649244,1.796955590343871,1.8200744417255754,1.8382918180644192,1.8328777599049537,1.8006260401662406,1.7465254892229571,1.6939553444209836,1.6769052900845771,1.686763295815932,1.7428420790823214,1.7954530399871216,1.8735272855457996,1.9411337741983867,2.006897249996049,2.063844081888159,2.126716542573502,2.175543507421791,2.235285785107517,2.301536746769166,2.3418180570239358,2.3651974374039137,2.4148153188897057,2.461948652263817,2.5315977048486253,2.5881542967263584,2.6358638508612975,2.6733774589841786,2.703081167578869,2.7190325463822806,2.737751570531882,2.757009901783154,2.731726535545453,2.691904719155401,2.6380366811505196,2.574540703324441,2.527798605730936,2.437181903957826,2.348654591355782,2.2661126050462785,2.1603412268732103,2.057789065283448,1.9718032951307023,1.8797355964500713,1.7894411404956254,1.7019561138528592,1.616979101340865,1.5509234659848048,1.5050969520763324,1.4521946633081597,1.3901146940405678,1.306343218568328,1.2257810725363525,1.1265766520028149,1.0283528275869855,0.9363515994024815,0.8539791723190385,0.8088534069428712,0.7715049868611618,0.7271092593642343,0.6640870866081934,0.5530213419382328,0.4733395213190122,0.4635174213934276,0.48874999269571545,0.4947364308025142,0.5019915384573913,0.5134905936147823,0.5126706715071716,0.47208861815137165,0.40042338125486043,0.33582832142522673,0.28166528654729694,0.2427617817539849,0.19808987089147265,0.09745915055846291,0.01970817761977989,0.0046201366467204024,0.0029626269884188232,0.023714095175507023,0.07098903325097465,0.12661191479678122,0.19955900587824438,0.24059330313001842,0.29132451276637766,0.3491600342348147,0.3992628732082627,0.43479010651044464,0.4801291314263758,0.5440846363966183,0.5998356868611574,0.6435160361348924,0.7022928152682902,0.7758304841403852,0.8704525215372474,0.9585195046528461,1.047846071720625,1.1283601868645237,1.2165706774127865
5,1.2599251602922115,1.3191863474137562,1.3974249586135155,1.474820077049733,1.5674531274594996,1.6514108279983077,1.7088871290823497,1.7906681114296306,1.8425377911061496,1.8667662777451188,1.869328810316839,1.8805306369929822,1.9069277130162425,1.8793187130178077,1.8459441748374605,1.8613964132591454,1.849018400569126,1.7659078497471286,1.6804955364063832,1.610005169131428,1.5518879004191628,1.5161507377369587,1.4988199813521104,1.5928989552109618,1.6324355296642432,1.6697020503176658,1.6622029229151087,1.6123882624537045,1.5309430417651257,1.4628213594077213,1.4373853696522503,1.4985761075698434,1.6103534613979724,1.735572387834458,1.8203111152360363,1.870655487930132,1.8787553113234794,1.90266744153377,1.8750956541873114,1.9190421463889877,1.913889651382145,1.9486842775790287,2.005816097503335,2.0787146975406356,2.150573829669216,2.2189281901129925,2.294162475836714,2.3876149519115395,2.4524535414563657,2.5244422278371808,2.578132692487781,2.6176925782663023,2.656769420046939,2.6920432096652274,2.663069413326057,2.6178247062939772,2.5544255730146843,2.4839637660447025,2.4231815674723394,2.3357671891703022,2.235608949954889,2.150563484981817,2.0544632605589364,1.961737130762645,1.8370870514261348,1.7122020904598303,1.5936487102187331,1.4969201293669907,1.3710716219687422,1.2323950880059416,1.1019546248317407,0.9901304640721623,0.962064746092005,0.9612358835149051,0.9911703134071094,0.995338271558708,0.9903428104958903,1.109238789754067,1.1463799943639146,1.1423120910352427,1.0545342247173062,0.9923644909733592,0.9280820289671149,0.8488361567608378,0.7823062389936563,0.6979000070830095,0.68428327910936,0.6821244412556187,0.7108048559080373,0.7226277065945819,0.6499814351089087,0.5999207368958271,0.5524446830041029,0.4940537300596057,0.46846379724983567,0.4314305136654656,0.3989880099775057,0.41291599646922056,0.4348624865894605,0.46910331727266963,0.5014253671977484,0.46290166680670497,0.42385624526988325,0.4194793487625976,0.4080383083317931,0.4597666154996267,0.5152310355638002,0.5212247878591943,0.51154255952018,0.5099259838115087,0.5363666950228704,0.6084975452320013,0.641408012495016,0.6748676879247483,0.7126985831974119,0.8162010509569981,0.9279731045472565,1.0324803212346607,1.1191693556884408,1.1983508012972628
6,1.125103565195919,1.2030587804351587,1.326265688050678,1.4696228767505901,1.6125915759293235,1.7255826403749905,1.8232655095229644,1.903291912945984,1.8801113455273757,1.828191471330318,1.7719872845706537,1.7352901325556191,1.7141716808540606,1.6494568933359834,1.5296277800919855,1.4315204839232993,1.4003752027283651,1.3729904602878735,1.343804467736626,1.272500994041174,1.2334204998005909,1.1132962604416239,1.000562818975423,0.9387920203226728,0.8998903769622996,0.9241668495971417,0.948219489145502,0.9577984879412922,0.9270632024245626,0.859792311808171,0.8352452846078949,0.8794901951335374,0.9679893643119477,1.0453156531321777,1.1446172092511517,1.2320085188215282,1.3185029028869661,1.3811871342193245,1.4048686487110482,1.4713566619261287,1.5597313178615952,1.6277305133560842,1.6790537616561791,1.79538178101088,1.8183476732719763,1.8944512864472713,1.93708522559527,2.0204415029190463,2.1282439337148107,2.248217557705889,2.396236564243709,2.51780715057678,2.607459281965748,2.6809513549382333,2.7712774327262832,2.7933274112030775,2.7609304300354194,2.674045634833116,2.60321992115536,2.522768525549778,2.4489283416883354,2.3538220610757716,2.2485309801217173,2.1222278863447404,1.9842859535588875,1.8285395314271775,1.680789840668169,1.4741297009433356,1.2673461471741243,1.1482511718562376,1.0869955779418066,1.0354220634844908,0.9517104301691823,0.8942347107799475,1.1116550899201407,1.2424879183447708,1.1979464508300355,1.1249388832170908,1.0775223972860808,1.0298111471038576,0.948556679689302,0.8818815275246579,0.8197955142170688,0.7654147039983602,0.7084143076628485,0.6791587908976865,0.593062153539216,0.6128544406149709,0.6426953110316733,0.6484082511021796,0.6321039822208655,0.5666270869773249,0.4958791559769457,0.41407310532763775,0.37151829460316665,0.341690352902279,0.37614453520032726,0.39957862207771766,0.46244615161075,0.5500220661214074,0.6220469546082709,0.6729487201520544,0.781250656304658,0.8819338021255474,0.911166367941205,0.8452405551057848,0.679426635334506,0.5598835519975255,0.5211894200461433,0.457913945332055,0.48423974060997654,0.534331169660745,0.6029260955780532,0.6717791694785833,0.734161555426222,0.7883828830276071,0.8715029418349842,0.9406236751632948,1.0067704028153959,1.0635988033951838
7,1.2392061701029855,1.3129617749539986,1.4219542391457807,1.5248510491354421,1.618694492879829,1.6547487223575963,1.6861505776413166,1.6409603224030256,1.6134584675927117,1.5824265976934757,1.5437397155247832,1.5216495602654339,1.4670060400783504,1.4006133201502076,1.3244122186611376,1.187401799310291,1.0127899431040701,0.8487775827007568,0.6872447865771358,0.5617722662795228,0.5041269608856259,0.40323396403016,0.3104930730979976,0.26596208491885703,0.24489965870258767,0.28020620230818377,0.28954540884911856,0.3170340057803608,0.36772829950807123,0.41445163546957176,0.43512295736572093,0.4542652469307222,0.493719259107095,0.542330091921301,0.6177737877875614,0.7257425798180057,0.8492645263019631,0.8887009404173433,0.8959022581364277,0.8889242645068822,0.912138853417149,1.032967243684179,1.1814757068812325,1.3060858308401089,1.4827388266864387,1.5921911730325182,1.7471312395089271,1.8901540733207516,2.024063633831399,2.1360944423955996,2.28675214296978,2.4220228837804387,2.512412486010754,2.6175468197231475,2.6759482183725427,2.7085020441917416,2.6566955620364494,2.5818039717383408,2.5267422093758944,2.515119890999079,2.4834246721706177,2.3346218928178226,2.1615913028528264,1.9450365555962403,1.7492778337075356,1.619904281033896,1.4431101862089228,1.2932031168442581,1.1468930491339084,1.1040004079071721,1.0214134255226928,0.928207570043516,1.1356670276528522,1.2389497314210893,1.2408342847848977,1.2354611998068794,1.198260154750442,1.154438365864189,1.0675341162268575,0.9412652766544013,0.8452149471978819,0.7459122240998086,0.6981224256134524,0.6309754354219668,0.6144367479438456,0.5702673251360183,0.5018720244346052,0.4522282165430159,0.5153201510799693,0.5278822909363005,0.5450179644795085,0.4857456869811772,0.4148006186907198,0.37042372552361247,0.3032552132946955,0.2828576914799573,0.2846722541646681,0.3685342829869352,0.46114945121401124,0.5815327367855355,0.7261877410914339,0.8526420022420442,0.9637791136508024,1.0365870922039326,1.0627389471667348,1.0296866703761427,0.9798268144193317,0.9291616342080036,0.7596825474115345,0.675860837144624,0.6614048577995398,0.6458096386299101,0.6772439500638154,0.7195122077353278,0.8098753219017752,0.8810189504350443,0.9193252374199865,1.0254864867092928,1.1148621873407978,1.173309649482261
8,1.0777771905855855,1.1263204204869315,1.2214713544544509,1.309204234505969,1.3428234429984103,1.3661097962110575,1.3761241208374952,1.3502734326312336,1.2922144526643065,1.24862946517865,1.2021979546427095,1.1652106521278605,1.0965622867485272,0.9643262190391794,0.8221994268242587,0.6895333888766388,0.5184565313628622,0.3956817567810017,0.30239410774404196,0.1442303797817319,0.03333301808392469,-0.15076196581381193,-0.19887657602452097,-0.11856089103387663,-0.11920703779258694,-0.09722708551829758,-0.03305290300618378,-0.004989125237133418,0.08157851889308051,0.18592590851032126,0.24250560165878676,0.25425578719794856,0.2867188727103702,0.31559156983085523,0.4584816573706826,0.5004122618704273,0.5412842640559731,0.606005324900068,0.5834260985176634,0.5628891201572842,0.5516110358071815,0.6079969348386911,0.693364128827408,0.8605579696243529,1.003202772859911,1.1393270908167707,1.2940066648794872,1.5105815988552478,1.6264366679543218,1.68639792108392,1.7971344482230618,1.90118002147094,2.0008084236945205,2.1644051158583384,2.287327938926395,2.358579648441254,2.3866588785175678,2.366248459395376,2.3441909523928075,2.3348580787620614,2.2941416538171437,2.1879481288985505,2.052016589415645,1.8203658426391616,1.6107591250493931,1.3992367531262107,1.159237251392465,1.035647061201684,1.0374598606465117,0.9646090661900725,0.9989929183827256,1.1637928532484711,1.1207515886609045,1.111618096873063,1.0725501274160847,1.0706039269762937,1.1291411172290793,1.1800268567250276,1.128089122758323,1.0222410438672638,0.8549640912596963,0.7631669443233131,0.6569439373404802,0.5707644323534479,0.43544065691846623,0.3811535062912191,0.3488944457546462,0.32310421633924885,0.33051497463605434,0.3556892725489705,0.387807800052183,0.2776050512120535,0.20664717667762206,0.1720343636739407,0.1339034676678645,0.14251994154653702,0.18905935519441308,0.3432329519265151,0.49839168698650105,0.689726917174854,0.8914901844321216,1.0909361263348016,1.2149145341037952,1.1842382328703054,1.1587639680654858,1.1443576659865737,1.142300560585747,1.1214543895999054,0.9731115249234893,0.7762718189721137,0.6536266332404458,0.5802920170602461,0.5441112639101754,0.5937671632887822,0.6051950955300658,0.6361390698433325,0.6517742890385947,0.7592975433564189,0.8866736104009336,0.9928732892445888
9,0.8587538048764277,0.941914782104476,1.089396092005656,1.202037919007484,1.2630476211909922,1.3290617810856253,1.3413158279248827,1.3038283700037352,1.2429051843353018,1.1184436171800083,0.9795071201308913,0.8277576078157524,0.6590037143610914,0.5089813935120314,0.34927192032115345,0.19492533541828783,0.14972280083052256,-0.06107557212601989,-0.27850752345255403,-0.28893937550401416,-0.2943790171892289,-0.24412667687384473,-0.31353777176272857,-0.292136304352696,-0.3095788960350328,-0.2774216946987406,-0.29171533066055166,-0.2720806130226474,-0.3000967901006501,-0.21236545508700527,-0.1743284732523871,-0.1758023148807105,-0.10469418409200541,-0.019171424759598713,0.05867301555603577,0.14149260511197753,0.24930764503558467,0.31723234957619423,0.31006731772935925,0.28913296982020664,0.38888964417312094,0.49285322956889493,0.5579439721602408,0.5698623273804981,0.5627347582503847,0.6243440371448561,0.7930253272356862,0.9175799890333298,1.1012457452617592,1.247783200887581,1.2726710376911228,1.417261605180831,1.70275024067872,1.8739332939362507,2.0000613404921666,2.083963413495732,2.179647525044742,2.196671439118321,2.1133896098964016,2.079001120303365,2.0669847007688884,2.0082966980674075,1.8961816170931383,1.7349980712364255,1.6021675770890782,1.3426579599936326,1.0887987399417678,0.9899883012682744,0.9476711700250787,1.0455081829915445,1.2268311804307725,1.1856163301285898,1.1609304857002283,1.0583928570390853,0.9715635866355311,0.8776063302843669,0.8302197681507947,0.8178371053607624,0.8272455294695458,0.9671054729536365,0.9597743741788392,0.8335768759232803,0.7311173550277366,0.6137873523883429,0.5117591269553017,0.38069340823611025,0.2931940610592006,0.16841094362862932,0.08472982069628247,0.058675708211529586,0.07220694701434832,-0.015003870259012612,-0.134448551735848,-0.14634681197329083,-0.1728043714129588,-0.12433185271864024,0.01293520693559543,0.2503137310942635,0.4760714694646032,0.6681630501083226,0.9110133911618334,1.0927070687287663,1.1218292281382924,1.2896026720501403,1.337152437482858,1.2807907298563965,1.241752894954882,1.197837665213547,1.1636427292315825,1.0736599007086502,0.9964754618514914,0.846769673638924,0.7012045355706734,0.5841914518780014,0.5447322517531671,0.5302245145990558,0.5533315636010607,0.6476310611024575,0.7655663064803855,0.8313748354500838
10,0.5561472049024576,0.6844683508734989,0.875146557218237,1.039733813552347,1.1001592772266917,1.1757297166079854,1.2028007055489198,1.1495188735999256,1.0291156678390219,0.8916704189885851,0.7100514740613301,0.5674091309715246,0.3965892617873634,0.1889770131563703,-0.11980617942694993,-0.32112388098031064,-0.4267725705060547,-0.47285161086324795,-0.5254906056903431,-0.5592058189707335,-0.5400308517700032,-0.5230583479898979,-0.5010672951196273,-0.5295407941997765,-0.538916875903058,-0.5724843931500004,-0.6421206188246059,-0.6727406690947321,-0.6562128183079557,-0.6438233664626006,-0.5818362425608111,-0.526460567915648,-0.4528245786720529,-0.37727224147916105,-0.17761465040307123,0.01575568060807969,0.12973752066999295,0.15146250170427888,0.0853249498881219,0.1387074413946053,0.22073052435308874,0.2461812608371674,0.21480157363805083,0.25237060496719904,0.18573421782520538,0.21844647395003822,0.2862928719232194,0.38313390178880075,0.5185719920566288,0.7433604875218348,1.0006331067763683,1.2063361773456844,1.5158731960402665,1.7648532371180596,1.9282020767986559,1.99132043517025,1.9778762466361226,1.9309874730364958,1.8229718713899725,1.7355985050065466,1.6736028217998995,1.5624550778431006,1.4238881284556024,1.3111185981792497,1.212435239461698,1.0091054374535982,0.8555510850020264,0.8176176944406253,0.8259848494460326,1.125761247910948,1.1784236641419181,1.1618921968122227,1.0620040480710429,1.0077888973711122,0.987138961969718,0.9005007266376875,0.8385987100521097,0.7377069504055257,0.7286084945982506,0.7427642265452714,0.7851939491947958,0.7556474634405334,0.5680735327066453,0.41919120517334973,0.3283497853822832,0.2654848566960089,0.1542485122991846,-0.03421904384846821,-0.19431815536893993,-0.2195996353870845,-0.4220043904426538,-0.5757186704103381,-0.5888990071535724,-0.5313837178744968,-0.5390833998524498,-0.4832665030291365,-0.2441619338687744,-0.021048031618813613,0.20534304577367354,0.5105306409425133,0.7363687855969662,0.9365864180584559,1.0989316918477574,1.1506911966618965,1.173536185145124,1.157376708273322,1.1550170287357273,1.1348797424306671,1.0360553233509866,0.9682653156861494,0.8769765903249691,0.70922732485037,0.5195949537789579,0.3505873959325781,0.2508090472295339,0.24166837932333604,0.377983234871154,0.42985221527103834,0.45121186556032084,0.5128472020684203
11,0.5837214362706905,0.6673813808267609,0.8280713696622646,0.9621922008375556,1.1538333082643044,1.1841463716370257,1.19636730649181,1.055836711251474,0.8964887448628301,0.6400218204452578,0.3737999488810438,0.07243180810015837,-0.11471207420598017,-0.2730152425757358,-0.31333427482150594,-0.4540069773090304,-0.5872420022302753,-0.6615764291495065,-0.739747383589277,-0.7293916563555274,-0.7476751380299846,-0.7580164512205979,-0.8767308557434796,-0.7822152843173724,-0.8302597664234697,-0.8251590031127086,-0.8112254140205426,-0.7408593555587162,-0.624501709345219,-0.6147519242805248,-0.588629434677659,-0.5673813251818826,-0.524514717856068,-0.4947711446906731,-0.3741914730614113,-0.22753865191735184,-0.08567116320333089,-0.05441647635612467,0.010537062902545014,0.14712516500197567,-0.0006873924831915008,-0.08056326390353233,-0.19806703092267558,-0.22947497731944375,-0.22871583274198728,-0.1525503429875958,-0.08033804521549101,0.06865281441168612,0.24493093945335712,0.48070946072720955,0.796602970314194,0.9828660858617541,1.1580944099470345,1.306937580145423,1.429591449410015,1.6336129397301673,1.6630402885004836,1.667147783968695,1.5391476230345915,1.391882244389313,1.3066369426336817,1.2165763668129144,1.0666496613024463,0.9222137968981226,0.725002853324249,0.5389909677235476,0.538705127755545,0.4823281662099368,0.8277512597275477,0.9375939432776709,1.0293150928345913,1.0207061140751141,0.9699070143545585,0.9974796255523797,0.9517292226830675,0.9836034635912739,0.958193593060971,0.9450947882703942,0.8127488147742915,0.5687316063721195,0.5127335560905739,0.5299386274958879,0.480028580786794,0.3538149289380467,0.22537137123034184,0.11545179015870591,-0.012232851149731922,-0.15648476222753938,-0.3074543047770148,-0.3948956145872688,-0.6108737241949498,-0.8493209268599733,-0.9792983468986269,-0.8614964400374107,-0.8454536481878415,-0.7495505067012452,-0.48195566814629726,-0.2011308810644939,0.003287218302775908,0.21773749607416734,0.44676920336714065,0.5560824671568436,0.5788932200860365,0.6707797575483162,0.7990912116988016,0.9411692567160814,0.9098242541456294,0.8969862474731535,0.805751071550691,0.7252937193528272,0.7239276724893755,0.6894493604117851,0.5973511133679376,0.45874806871305307,0.3938143281054085,0.37203725703897655,0.3805745809592449,0.40202434897701095,0.47126075403302176,0.5370525587582851
12,0.19459254447070695,0.3497685206334602,0.6015912972327667,0.8168942746426897,0.9369329215290552,0.9144899357179576,0.8659232768471208,0.8102691118477154,0.7021963063536156,0.4584232034210377,0.151976795185736,-0.1004109070033773,-0.23576559643969902,-0.4110061194531857,-0.527185285145864,-0.5899867610288319,-0.7659507919657524,-0.810580230143454,-0.9129117181347919,-0.9675655040953562,-0.8837471484371252,-0.7238905234845077,-0.8134272523875987,-0.9001409353821007,-0.7212708087267505,-0.5901471747956828,-0.5491261129113643,-0.5796358296372953,-0.5116997024948831,-0.5570312491614755,-0.49667977027358745,-0.38356155770619965,-0.41039227816022056,-0.3930149377836854,-0.34084570784673673,-0.19602983688964792,-0.13801055236969414,-0.17132139205588756,-0.1678766562461266,-0.19413179514359782,-0.26316767641101824,-0.28030818006278396,-0.4715420290745063,-0.5955533439879065,-0.636558268608043,-0.5306687077052643,-0.3181074451881124,-0.16412814934460604,0.08043915786089469,0.24594897007665292,0.38762915446031143,0.7385610163054993,0.9482912719258757,1.2733500766720949,1.5333336412083118,1.6023576422918617,1.5999010854183724,1.4873416341737717,1.324165458222733,1.0908709155912875,0.8885324644396287,0.7543412160956725,0.6494723716975049,0.568931090888298,0.4581373791419262,0.3768262402759106,0.382216564193679,0.41835437895614636,0.7317162905576206,0.8522691783340435,0.9100707137001122,0.9393400074463941,0.9935605504776213,0.9959097296024612,1.0582294895513402,1.14476644091837,1.1699259345407205,1.0533377971127045,0.9689422458253605,0.7870910344316805,0.520477201646604,0.25199081851664634,0.2015893766963044,0.1895370647811689,0.16224065467920526,0.2555647937419735,0.24250994947075105,0.19101727027516677,0.09378295465726108,-0.007030631396747366,-0.26297428245176785,-0.4978274708070638,-0.5647096692474498,-0.6041456795910207,-0.5989930540310193,-0.5283076846677766,-0.3798249913697739,-0.17729571718942622,-0.0723005992342392,0.0005950695595604772,0.020224428891363253,0.05671631149334623,0.2170447866327859,0.32748422227265,0.2462856899650873,0.3010901266214822,0.43644406551413883,0.4262775282679849,0.44267389400335755,0.3930488034878457,0.2749394213867909,0.1978769902616354,0.1350766596426332,0.08053766387528058,-0.093283051239956,-0.16831948590981166,-0.12304750896213186,-0.055682231952840076,0.04306428236499717,0.12730718249012496
13,-0.11396969851176787,0.055460232683227396,0.3480315109170779,0.5624908286659994,0.6173342163242388,0.5568699449904196,0.393758098839416,0.40119950014814754,0.3598791984545575,0.14188043057000552,-0.1746048180940368,-0.439179222223692,-0.5955534768405345,-0.6056896243454548,-0.5752883258860697,-0.7039558438634521,-1.083353664393812,-1.1901961783891053,-1.085736727128461,-0.95826808064194,-0.9394516277405698,-0.8022865607827309,-0.7077878803856407,-0.7044338795664267,-0.6352565464549355,-0.5692055913606127,-0.47509599810542963,-0.4883458999453388,-0.4697171366620092,-0.48763375634965855,-0.44775101607357876,-0.32217460524339286,-0.2823443763774894,-0.3051427644297689,-0.3030498533928846,-0.20820529515885114,-0.2220195860363065,-0.2988817860134896,-0.3185176942342028,-0.38245007800724196,-0.4591532105265026,-0.49829489740329047,-0.525134712019892,-0.6422645302813135,-0.638469295415348,-0.6457934444988805,-0.568955839702024,-0.3686303098773838,-0.10068270676817896,0.2544762398246426,0.41437942861587007,0.6942694583831458,0.9530665266435969,1.2967224846131316,1.6811293370188782,1.7793789209634554,1.6764495776787967,1.4166969364976847,1.2388933611347297,1.046369830001468,0.895694027935161,0.7510223707122481,0.5817946149368812,0.5493218693950798,0.40657880704416693,0.2954557270784835,0.25882845616680483,0.4907347944925169,0.7594912244146124,0.8289974872349227,0.7813437119543419,0.8017694340497271,0.9127318693360369,0.9931785270372324,1.1453161725539667,1.161245373307624,1.0836398122544675,1.0687073131256652,0.9105607487261914,0.7142261408698467,0.575958026701273,0.3433121779610608,0.31191056286774194,0.40789360643725214,0.4298366417466873,0.4290672082252716,0.5129274169273055,0.5198333565111566,0.49615851108467285,0.415176142497463,0.2308758177489256,0.13305654748640985,-0.026061346634952454,-0.11366224454013117,-0.12882432296230026,-0.005156273894216905,0.0886825536385149,0.2445060298504351,0.16086530482832798,0.08066192563981545,-0.04779179059480427,-0.018918858394403246,-0.13059108720647022,-0.18316029116352966,-0.2486889971836101,-0.33418307620082566,-0.16532000132637964,-0.025903730819717752,-0.010554380896848594,-0.14757413534699412,-0.14174720864368062,-0.12385899204989474,-0.12893279615071568,-0.21022416480620648,-0.26641313507851294,-0.31627828935307123,-0.3006621233750529,-0.2733093325998127,-0.2843697566857105,-0.15407908679234367
14,-0.3424954801374085,-0.1254416530386302,0.11931502567079486,0.2698125516133113,0.2822320152855536,0.23571904583764838,0.19015182907799744,0.1952458003991339,0.010029271612521502,-0.2791886063412874,-0.5175296516718205,-0.5605542326310101,-0.7360779793271828,-0.7553794876589349,-0.8103247408414554,-1.1764600562827336,-1.3101961872923733,-1.3860327982433813,-1.1673201345052038,-0.9004726053109435,-0.8456738729832317,-0.8562440712550698,-0.8236930939575334,-0.6996193283763223,-0.613454969353402,-0.48402000529807276,-0.3502540054502344,-0.2733597087317451,-0.3584005871072537,-0.386700691567121,-0.332796867223918,-0.2566788202703889,-0.27243228911344025,-0.2531421739006916,-0.2605877369714491,-0.20404315376139504,-0.1973411346776612,-0.4225836884869318,-0.4856153983413151,-0.4878183036705643,-0.45453325329894206,-0.5055980700858291,-0.5124864826002572,-0.577157785400384,-0.7522133550149929,-0.8474288605857113,-0.7316002314521195,-0.5161684140994397,-0.2551299005569738,0.018428818574335475,0.3942120770573208,0.6854561122183291,0.9926670167539909,1.2358342986157191,1.580139785876245,1.6988812316675166,1.6929433611204736,1.5509602246026417,1.4450092308607871,1.2046347491321312,1.0096124084111475,0.8177176956222035,0.6318208470673103,0.5614730804436852,0.46102410352640283,0.45219188146629785,0.37940078140675776,0.5906787347327314,0.7173346305804065,0.7491726800491123,0.8221301214205257,0.8243735620633714,0.7837639840658112,0.8457458860856909,0.9431597120655851,1.0164359125324691,1.106959414949356,1.0389276057219585,0.8756526933650466,0.6184186776858973,0.4562919313899459,0.3319923825052013,0.3623030786228129,0.5659575201715378,0.6789539423416475,0.6875210411421042,0.6228396419256158,0.6068875765771411,0.6130354931182973,0.4853676171165137,0.33254347251178534,0.2655139864733157,0.16845636902568487,0.07811411727395699,0.16939966098270134,0.2962453261078272,0.27400720111191934,0.39263827899018194,0.38725825784767304,0.30027700437664545,0.24883244653946104,0.06971927608029249,-0.3322750024788739,-0.5633369805678075,-0.6606633770506963,-0.682297531739055,-0.6041612539890928,-0.5005486202308336,-0.3981044388664346,-0.41717728257464604,-0.5384693496765117,-0.4789570836139931,-0.2724775947628851,-0.08783117969310764,-0.053219098085196946,-0.2380607887496609,-0.46595866978875194,-0.5078920208015825,-0.5777686592189138,-0.4549468353972376
15,-0.5710318001172371,-0.2993649372892153,-0.0138145942283547,0.15439768027436232,0.18709734102641068,0.15934045449808915,0.15721621493008342,0.08631933490525026,-0.19186702315205179,-0.4973053722782662,-0.5913305973446799,-0.802544629053399,-0.9348429382145443,-1.0173316593801671,-1.1868518253319416,-1.4940101335537161,-1.4600350698182596,-1.2899705126691354,-1.0396964936612716,-0.8434014187202841,-0.7015840800376958,-0.6447605262530589,-0.5734749045026203,-0.40016498356386393,-0.3148756859630759,-0.2717190846137762,-0.31736303907217495,-0.23789674468658467,-0.2641368898901403,-0.39866419815040705,-0.4110958220947303,-0.3730558002259724,-0.33238060164283934,-0.3914860348057505,-0.2898680063016657,-0.21768658708641417,-0.20063032160548383,-0.2809231315098287,-0.36548086148405323,-0.38473221572415817,-0.4167529259207738,-0.3365767678046925,-0.3646387218112151,-0.6053430675888908,-0.7568860811734426,-0.8184041722382858,-0.7969680096535977,-0.6786156455855289,-0.5160598360479612,-0.21540133004227416,0.21703527898994243,0.6643420657651227,1.0003818951411927,1.278177507694441,1.477306889973112,1.6809211389712833,1.7124622577571549,1.583856699808483,1.408034965262846,1.1117436850170694,0.8788506639502216,0.6507134970709745,0.5134671148610362,0.4557359215547215,0.37476783403950953,0.4713948462504815,0.5671840479209703,0.8314698733773693,0.8692667499659984,0.8655108151465507,0.8435772172295191,0.7574540445830034,0.6226650624462582,0.6903815019036256,0.7753227519972347,0.735026388240338,0.82961349837606,0.884433014013053,0.8258164833155405,0.6445183083259568,0.360715483154442,0.31122760711203606,0.3638710158056974,0.592002475566034,0.7964118814155712,0.9723728664557838,1.224706398465704,1.2558466181021706,1.250085927882777,1.0723179138665426,0.903181908543941,0.8164344396313975,0.6771762574030169,0.3807550194582137,0.3779267696734824,0.33849910845676795,0.4859615336171322,0.5343104101469008,0.6105186429670533,0.6458269898734952,0.4981007634516643,0.24072723833151297,-0.07113106914287608,-0.418522705000839,-0.6785216288750633,-0.8551844052041033,-0.8896417755958314,-0.8317493322380045,-0.7548286600494536,-0.5822740028571001,-0.4752548642192408,-0.41823747853303567,-0.26583132105117957,-0.0987434113249022,-0.219850792097357,-0.4263342218458266,-0.5678680308521863,-0.640942389503452,-0.7422093167043194,-0.6956658551538607
16,-0.6382761809484246,-0.3975574696517279,-0.1366779302320163,0.01985410154730532,0.04734381754649072,0.008168286993870491,-0.053387838846669394,-0.18040827094884707,-0.31405731053109315,-0.580373217014583,-0.7202482739321395,-0.9801758073297944,-1.1093738461458766,-1.1888820466284336,-1.62927481554552,-1.511278876797009,-1.3798907292496534,-1.1797273920552318,-1.0582341152076047,-0.8105147017947198,-0.670650190219532,-0.516392730516088,-0.5182747803948562,-0.39380926320668175,-0.40960797312313046,-0.2662668587837905,-0.22045874824480372,-0.20885332639928741,-0.1910049977460665,-0.28226992630057024,-0.24288705531806776,-0.2744740274593179,-0.4060888837993105,-0.38047563176318344,-0.3348672077768416,-0.33764478331736086,-0.23059940431700884,-0.25356939773758275,-0.23486907360253795,-0.30927455965334233,-0.2537925405163331,-0.32992564719343465,-0.3790392871385675,-0.2923166930573388,-0.49530606302946606,-0.7110065623198142,-0.7855363967461212,-0.743201113769045,-0.527506317814925,-0.11496199226855533,0.4080386708359754,0.7804960577873946,0.9873950621096516,1.124312481865952,1.3585079958868196,1.5698626421705677,1.7427847836440853,1.574332196403055,1.4395870422063757,1.2095686781472348,0.9370690849288908,0.6867438873500576,0.5590038983051697,0.5505379247354358,0.5644629592442871,0.6441311107955978,0.7616258554885599,0.8691726608304053,0.8808585552739197,0.9382432025002877,0.9803044724268803,0.8094877289785057,0.7179464518295086,0.8306825183814801,0.8110173430744493,0.6474650729461151,0.5897852971124735,0.4757723217021021,0.4836594035013911,0.7352780818749696,0.7378344317855101,0.6698225720480245,0.8791901656109197,1.1714100399033112,1.4180241189823584,1.4505407969032627,1.383878729309998,1.396844692672452,1.2806641516971262,1.1317007748223271,0.9937707624551385,0.9144265696645306,0.9142169406581518,0.9201779938204777,0.9944410305301725,1.1284102746612241,0.9327606909691561,0.9350590099593514,0.9700456118921668,0.8861279977087266,0.6355068640730964,0.3575000271398742,0.06958415543036853,-0.25991847077100066,-0.6726210020526264,-0.8432127502330823,-0.9857867245095899,-1.0699380759122408,-0.9230325313244312,-0.7371551728949683,-0.46393317070961576,-0.3262854076706176,-0.17319758117620712,0.03472904387694319,-0.024758196945285773,-0.09940379872870901,-0.34870230795820445,-0.596803224616534,-0.7473981248733025,-0.738449326401428
17,-1.1853916468733416,-0.9341740737414435,-0.5617965194214081,-0.3307536689003964,-0.2976795280466882,-0.3066562529232068,-0.32604670205423003,-0.4490169349017491,-0.6427555051231125,-0.8539358419242506,-1.198687527249198,-1.3270835578890423,-1.4227944681845917,-1.527088384793362,-1.6279288651064479,-1.5470244373670177,-1.372659315991154,-1.2775717621127451,-1.048229444147751,-0.819495447257569,-0.7409614918726665,-0.5578814803853,-0.3917615035601908,-0.36001103777938337,-0.36454052363233125,-0.3478195084045935,-0.2902692100240975,-0.39198410099883413,-0.3744364909901575,-0.326592693289959,-0.3084352047759648,-0.39891343990468375,-0.48703977744992494,-0.4815406275034398,-0.4328157856524001,-0.29207279103218897,-0.35103472841748756,-0.36154166822494843,-0.33044260863435065,-0.3456518056160124,-0.41880336398597423,-0.47491710416434135,-0.4600213845536575,-0.4414075350672168,-0.31894711938411624,-0.3797079070094174,-0.4820253670268344,-0.6598082561435892,-0.446040129490194,-0.18698032572163945,0.2670569903936937,0.5744630344725139,0.8604548354892255,0.9997903961976945,1.2045154108327225,1.46941782280308,1.5122170813689246,1.2687873787476327,1.182263988752492,1.1169638640053445,0.8883226696856111,0.7145463461598234,0.6568718724580457,0.5992490095018852,0.7281372330162296,0.8671327951528401,1.0488801383846307,1.1491488968903538,1.14897474601607,0.9167395453362991,0.7922521842961187,0.7444979552252676,0.9591530934430039,0.8137876535529756,0.6410399813279517,0.5809826082421669,0.5706098539165723,0.49292282300324824,0.545927628061918,0.830278739669377,1.304698611262915,1.2120643511689386,1.2918310922409695,1.372497964142729,1.4447355471702188,1.3850156899055348,1.1776864452897386,1.1795081308793978,0.9494075794256932,0.8054260185576125,0.8033106616598361,0.8300898291095544,0.8808281794564117,0.9929739059495429,1.0928347238475689,1.2270904304899342,1.4221411676866578,1.377074502904938,1.2647398713827191,1.1121995185886993,0.9118322151807539,0.47891951513920106,0.06692373570802958,-0.22184532926381825,-0.3849253010429751,-0.6626552302583816,-1.01356013111662,-1.1774754104692275,-1.0858904077005915,-0.7757007402910923,-0.4378316193338397,-0.19024754440841568,-0.15369374235316036,-0.10175059238696123,-0.0530998358594654,0.052571403435659324,-0.19134117676895834,-0.6679462898516527,-0.9992948706159805,-1.1719965543710928
18,-1.3009268811538452,-1.0414243730411248,-0.7093488038982129,-0.4569809294103865,-0.36815088228054293,-0.3442603848008926,-0.39821115741853674,-0.46731723862415536,-0.600241742608776,-0.925206950160159,-1.2448167206388092,-1.3323492999411908,-1.4506385137759017,-1.8129758204588324,-1.6792950501140604,-1.4587746300557334,-1.3418952407970277,-1.2521238472825318,-1.2017724554831446,-0.9929941619412556,-0.7828429848581544,-0.7427116100943166,-0.7331185369837032,-0.6690468824449867,-0.616107828249554,-0.5706334514812152,-0.515165137486585,-0.567096354986176,-0.6204702348583876,-0.536216450070908,-0.4872491923474497,-0.49687049178054515,-0.5545852834861282,-0.6579348186822069,-0.6050818272919098,-0.49687610433107743,-0.3906703021012926,-0.3665051495912539,-0.46855978554471933,-0.5130708607573033,-0.5181800541916012,-0.5636491828962431,-0.6269636689279388,-0.42026526104716416,-0.41306347389547643,-0.2583998343411784,-0.3185872696012422,-0.4607514733471238,-0.49032223611616305,-0.1716583542991963,0.15465161704543579,0.4787759844676062,0.8808516181502548,1.1246219356743303,1.219264313777518,1.3485984889675202,1.4034507848856252,1.2060005312854887,1.0875320198271579,0.9165314228537896,0.7709365454527228,0.610175375785722,0.5683057812785318,0.4671415268988886,0.6120974253201931,0.8890639140426863,1.2499755734174613,1.3210079959702294,1.2275533127475986,1.0219995705420384,0.8497082257275488,0.9446808082535693,1.0419272262500714,0.9429787414215416,0.7629283776052197,0.5877868797363919,0.5286104685621009,0.4588675544558342,0.9873891557116722,1.2688138271098475,1.4146033521211805,1.7222483626402887,1.6126967649302077,1.5142429139774845,1.2831035351655393,1.0873876927704949,0.969382194777806,0.8071226055899942,0.6351296508773234,0.4621268801628947,0.460681843882695,0.6696633722082468,0.8091745513606086,0.9002817641874651,0.9966006928334016,1.3036275873249716,1.4823090233685743,1.5111339562826798,1.4746216706647186,1.3798744447613875,1.0732560734725047,0.6123510027823138,0.23756062083222426,0.005293430025674537,-0.41964889871344024,-0.6060452595341198,-0.7757884702383836,-1.049614782962793,-1.0452953175609276,-0.8116828619405553,-0.5649826634405535,-0.2652104912371847,-0.1830037277883499,-0.1145706333493134,-0.02108829971046526,0.019861005040378923,-0.27499311502053947,-0.751180663304372,-1.0905451768766425,-1.2888037381727746
19,-1.3296908233859634,-0.9911439039403555,-0.555400333501124,-0.34423130250240785,-0.28935581572450636,-0.28669347135265727,-0.45320319463366043,-0.6583502644091326,-0.9813855419561094,-1.2656021064556646,-1.4575369823048632,-1.5478173887487765,-2.0080589311924433,-1.8811406711489858,-1.706629487854725,-1.4005754348269874,-1.4804917373842335,-1.4067767254013466,-1.280665640544517,-1.1632744727231115,-1.0630704514765448,-0.9936335324055577,-1.0069405360921793,-0.9365817598487536,-0.8831530712739428,-0.8835458880751368,-0.8739641602393222,-0.8732131910792877,-0.8846853628120821,-0.9285752156700376,-0.9026683582892893,-0.8233570816811772,-0.91282263952033,-0.9466407288979981,-0.9000112696212687,-0.7705575183426608,-0.7526053798684242,-0.5922633008968047,-0.5820311829420681,-0.572452483808056,-0.6102548507914904,-0.6486875449156031,-0.6594231049869608,-0.5879049670794436,-0.35133180158884936,-0.29773764946102993,-0.2009557717176638,-0.336662651764756,-0.18063823960801675,-0.2215453828576676,-0.003094774223607336,0.4137943956468131,0.7070508389210871,1.1119687446274442,1.3351696235659116,1.5818415243766057,1.5571779629955529,1.3151798903938166,1.2182942443292326,1.1644959155631622,1.032120040740809,0.8138095511489243,0.8104709663667993,0.7444002898695503,1.0254990561630937,1.2802875396559732,1.5271687003296242,1.3638609664805355,1.2011162294537288,0.9586438268760662,0.739925704922964,0.7867202572311277,0.9532598219714185,0.8190725409195285,0.5118712226089641,0.5635554018884933,0.5451486425801308,0.902865728830969,1.2289598446332142,1.3762174917701957,1.622440246411401,1.8430681128084703,1.7989041469528675,1.6558457228422585,1.2818321972393127,0.9936385916469659,0.9105847743822225,0.6266961500988538,0.44315827608254615,0.46466126744747716,0.44639321382510616,0.5194318360973269,0.5338962364350109,0.7306634507110908,0.8977927799696512,1.1447133781377565,1.2746718926724285,1.4976086986569461,1.591030787647961,1.4583253542794594,1.1503317616217608,0.8636008423027179,0.39611793567490394,-0.10077468208753317,-0.37710350857945113,-0.6258579762610327,-0.6784537160006756,-0.5847783927462479,-0.9518713029260094,-0.8637927871751734,-0.6735443761195028,-0.43775816561947006,-0.302560156670466,-0.4474525406654531,-0.243554966697053,0.05051565028578447,-0.06751775256982494,-0.6647747550405583,-1.2133235207316748,-1.438995437990368
20,-0.9280332608369322,-0.6959822422095827,-0.31673267309364217,-0.11198842341887466,-0.049925117125343164,-0.1258431303373016,-0.2148191256818171,-0.6056396886494204,-1.064454564852031,-1.5573139383541659,-1.6786565255901942,-1.7950992307561313,-1.9165715474819152,-1.8720105016923452,-1.5877915122971324,-1.5981739562683737,-1.6292079664092356,-1.572573599053762,-1.4930092943247666,-1.426486668069906,-1.3043416674683537,-1.3156114626359001,-1.3125986220053238,-1.2688068559708676,-1.1237807196298455,-1.1601324356201068,-1.1747751374279711,-1.1994079421815427,-1.1674368942464113,-1.1051948517845804,-1.0642892245804938,-1.0201147706703126,-1.0948335376291038,-1.1962646973054543,-1.184634887111076,-1.1691934584353267,-1.0781815039174025,-1.0208944472266963,-0.9303093414828258,-0.7876287085981069,-0.7705786389117747,-0.7483756820133994,-0.7335331986080957,-0.6639066975947792,-0.546753490362544,-0.4453159537711703,-0.4538142683401146,-0.30967255812558275,-0.25236750703147937,-0.10739953848491895,0.08780615896013537,0.531582733732611,1.0208227358449078,1.4122638435071884,1.5331223120564978,1.6814559692143998,1.6367964202288554,1.4784073913977689,1.2793666168679605,1.180686244013659,1.0119005319887457,0.8146536140067561,0.8461098602848005,0.9360533551483661,1.0907876388930744,1.4523333220778034,1.605209700028857,1.322887640401188,0.9828100609437245,0.6270774761478976,0.6862869544913555,0.8810402141160348,0.9003124478096525,0.7417049563844903,0.49655628888174075,0.6043400476274752,0.6365342974183599,1.085744403047199,1.41283833418858,1.5097206653374893,1.8059309576075215,1.8629118444842903,1.79496162062513,1.6352556190264187,1.4664525343104506,1.1902538553364923,0.8546621785122792,0.63110523385521,0.4904557298416142,0.49387744314073373,0.4011334997184259,0.38147339987499224,0.3917482958760401,0.5534294505052587,0.7452609726985767,0.9810563091248887,1.3836862729970578,1.5877313185390967,1.6099160010190878,1.3536830539926623,1.2777477900539127,0.9404833842394928,0.5506640373678509,0.09655844016327124,-0.3709887179209336,-0.5719460273335083,-0.6683746269473931,-0.6529029281134129,-0.8377640163275768,-0.8257670713791337,-0.6893711259838143,-0.5948118248306774,-0.602697936071291,-0.5673219702215799,-0.17888040262244254,0.19375143515359602,0.25355990296579844,-0.43077275038082125,-0.8371191724198416,-0.9824034019905156
21,-0.9988750611609342,-0.7932775103439182,-0.4385951466270435,-0.28625147726401595,-0.2689642587486157,-0.2359492468867484,-0.37643293633748387,-0.756101305239823,-1.35416354177688,-1.7745070347089764,-1.747806091434528,-1.639720966569506,-1.7979903865995472,-1.437863444571845,-1.5031188066176164,-1.6249581640974702,-1.686024388519116,-1.684276002511431,-1.6419152175894163,-1.5842059790432002,-1.60233375156644,-1.5210220637118468,-1.4038658003726727,-1.2804517920759761,-1.2217322488249693,-1.317476348124482,-1.3895895145938637,-1.40618846317783,-1.3387252340714455,-1.1799327253036032,-1.1676152404138689,-1.27001222672063,-1.268003983085347,-1.3207337796867682,-1.3600197247331478,-1.3932742283354138,-1.2748569189738208,-1.2558408723254082,-1.2363670932153183,-1.2016824290178691,-1.1110239077696262,-1.0174740998138276,-0.9413552658224823,-0.9943910955619352,-0.8113284279689441,-0.57248579110921,-0.3693067003487154,-0.24820241286579048,-0.01353548425515736,0.08100101728028815,0.25416757327389294,0.6505787077360049,1.0152499067871046,1.3915313787690633,1.412902115639937,1.5962560913119945,1.5782086652524399,1.60347488774525,1.4467916160664693,1.44414974698297,1.257835343903444,1.0506518137019292,1.1083903060663736,1.1006510236949685,1.2512196977790995,1.4698850471420444,1.6039622262542008,1.2779706797532535,0.950570829860301,0.6150144245495612,0.6419180674085306,0.7616794012732072,0.5147356183045123,0.691119259776736,0.563075348305452,0.6643414841107984,0.7692957390895286,0.9015066051193324,1.1963824291942373,1.3902450291472908,1.7934353996524308,1.9052759699074737,1.7569224633277487,1.6453258354114342,1.341604178917346,1.0173797301505019,0.720345313910427,0.6212795248059338,0.44269929877288966,0.45187704160937864,0.43008537712625394,0.4054944845214841,0.4759946946830542,0.4877215190676376,0.629006293177542,0.9696082618007215,1.3158044805856184,1.6161988715687332,1.6120739432714961,1.2262685917447516,1.1201447608408182,0.9946510184888536,0.7283830360808337,0.2847998480955152,-0.053642221340038786,-0.2704065390322515,-0.42347710484835394,-0.5855989033251225,-0.6504696571592428,-0.6864469344109914,-0.5785454488642161,-0.6149786338559753,-0.5185784938202153,-0.4892364892097685,-0.09233965219979445,0.16101557389147608,0.085758405633968,-0.4193637729615933,-0.7749012107788597,-0.9981167111180498
22,-1.0433607480136713,-0.9643849963587235,-0.5249579324935114,-0.3839304496187981,-0.3100378489889758,-0.2681219208683231,-0.3680631130511629,-0.771839203782376,-1.438907721245991,-1.9040280011814033,-2.0702512892741196,-1.7607782816441075,-1.9022457454806927,-1.539535877420736,-1.4817129414238774,-1.7399232333190742,-1.9193076829053097,-1.797437560751737,-1.7126133725765555,-1.6747931510416318,-1.6574198531410047,-1.5821072849274553,-1.5947216652608458,-1.6181750487569628,-1.6132537505170066,-1.6614136778553572,-1.704380714375725,-1.6558628501053263,-1.4910086453707923,-1.4292641390619683,-1.430892313975878,-1.4582068196793643,-1.521802546697329,-1.5088495980247147,-1.5436145457926616,-1.4977272836514939,-1.4533704809269083,-1.4532751921805276,-1.40177407879497,-1.4347679629343657,-1.4066550080326328,-1.1780501235019873,-1.174822008788282,-1.2335345316721589,-1.1399202877784933,-0.8028694143898437,-0.46593483320696777,-0.2290670027927599,0.049405815539414706,0.2324739590636759,0.5485656841493656,0.6896940375641625,1.0149447146871433,1.3956856954096322,1.5009625090173222,1.68972270438864,1.730981708221188,1.725651912897946,1.579792851151102,1.3246659535317438,1.1218275267053384,1.035689067916707,1.1500639763162261,1.1793287219151565,1.2730476737029226,1.3768846949261908,1.2826341607891663,0.9925266425778146,0.7841441651395429,0.7023503057686487,0.7144351636957685,0.6991979979831456,0.801273670510867,0.440483322465082,0.39220328186613007,0.6756738532100967,0.912582789795214,1.0921280024780406,1.1350345332570906,1.3445823658587293,1.4427386196486185,1.6794947488704648,1.7699529916729386,1.5965472533632261,1.4301969364528644,0.9816655574540581,0.8251420833209148,0.6332127951182305,0.5651575695159692,0.5636706254926079,0.49810783882013043,0.5309557957772374,0.603881282641883,0.6492776061665303,0.8054100284778277,1.019948558654869,1.13816284681022,1.3974358053580456,1.473016128587241,1.38542286747128,1.311304171892583,1.075314334758908,0.7525268649140395,0.3491439875223646,0.0209201696234444,-0.18543674946723696,-0.3839585880457396,-0.5043888304373,-0.5753793985911597,-0.61410244363459,-0.6868265538886124,-0.6611617630678718,-0.5865923463976834,-0.5916698069331873,-0.3463061804161843,-0.16211355297783128,-0.023244346158539462,-0.4476491530910061,-0.6715309729706673,-0.9020726909957507
23,-1.1120864508552972,-0.9778997802649151,-0.6054468238904661,-0.43100653541625467,-0.3018018476550855,-0.45932506571343296,-0.6682000676712788,-1.184296255371291,-1.7427319830304593,-2.0423449189356755,-2.139311515748381,-1.859534024850178,-1.41281032555343,-1.4229543020305728,-1.5178972345617159,-1.8274527827825802,-1.9896024364978822,-1.872083515992382,-1.898039717699594,-1.7527716455977904,-1.8483429193015937,-1.7903606745006435,-1.8217970943618798,-2.0007931166191795,-2.040838094591277,-2.03290290325502,-2.032796113869375,-1.918502084767171,-1.7193506988092535,-1.7643825824786814,-1.703900992060031,-1.7525263573453662,-1.8404356492349139,-1.818067958349958,-1.8809080369567333,-1.7930938698116208,-1.6523804694783335,-1.6300185568386265,-1.5768057326690925,-1.5518575611904009,-1.5268032777784333,-1.474276819314814,-1.4239512784638206,-1.471893577635608,-1.2198597741019133,-0.9068956121419516,-0.4972869875068024,-0.10062694128430891,0.1632241058991802,0.39360066071801475,0.7918384731839785,0.8854026628149901,1.1331872074203888,1.5052328043049985,1.6435433233005317,1.8275675503743307,1.8863977621099972,1.935649376634337,1.6608606371478791,1.3511777997139762,1.166079668597007,1.1177396662704038,1.101664764116737,1.1327539511070646,1.2112130558269458,1.2243431647570797,1.0597488890283127,0.7996375460682389,0.6816034132313963,0.7314274957642833,0.7561835272628936,0.8366922045308912,0.5162935581878813,0.34690607575078847,0.16596698363514692,0.5559855403664927,1.0010580880698043,1.195223656582923,1.3217356844646477,1.3807546217520943,1.5931051565488041,1.861573352795279,1.8139061332380098,1.4764558338304905,1.2272330931239122,0.8968147300439682,0.7290954198933373,0.7396555861635752,0.652142954769657,0.7706344328869417,0.6449595432857002,0.6187472977422583,0.5849007614199822,0.5630989819880734,0.6820393597570445,0.9435887565027805,1.0005805017708962,1.1311686463171282,1.4003031362094542,1.481380263533347,1.2243047795932247,1.0525852134672222,0.6616041351845096,0.6229131384724013,0.4698791223568701,0.18067233485039114,-0.1357337847114916,-0.38476618522842315,-0.5058945396072783,-0.47567671878596696,-0.7277994291015728,-0.7674698268822022,-0.5172494531284317,-0.38134496991917366,-0.2233773816074827,-0.022912859797024423,0.1811250875955235,-0.15858311454886784,-0.41109336106384514,-0.8673763573414409
24,-1.1700131607130524,-1.0736070025415396,-0.6696633241943859,-0.3715278458210387,-0.22183982690639797,-0.5266290647018843,-0.8660583155316018,-1.2776954626568662,-1.7809982084541056,-2.0262533136985676,-1.998734733068579,-1.9249066926900518,-1.48313799704267,-1.5427077020534357,-1.6267533594204062,-1.9047765105847185,-2.0174385048842836,-1.980454265545685,-1.9618774393628235,-1.9307343484443926,-2.0463751976023783,-2.06046842302593,-2.0857404930526413,-2.2701282600554182,-2.368485493047289,-2.4069501028957,-2.285666543169679,-2.09411543636157,-2.024802459949105,-2.0831115190817817,-2.048464593684759,-2.1142504536313926,-2.161542507261824,-2.111085733255732,-2.043593588690264,-2.01254806021124,-1.8825733168518062,-1.7994121212534302,-1.7292807871131246,-1.6469002015582823,-1.6729979393772256,-1.6358840612926588,-1.5207913670682458,-1.4553303043471737,-1.2859064898112331,-0.8972958923392703,-0.3757284482763773,0.05890185919907736,0.36377583383302614,0.6212269605379083,0.8347547414133495,0.9128168860873732,1.1602786370623595,1.5166303739797544,1.6503658889453816,1.6856077289776124,1.8413456184313508,1.9067969438119259,1.5116102454545983,1.0410346081003934,0.9692529373881638,1.1862243941663453,1.3970722754763427,1.4973025426020934,1.471291239546355,1.2814082485653695,0.9359798000424036,0.7640957215308655,0.657932019692064,0.49641545770967543,0.33140233994666235,0.4723460050762925,0.3815472468455239,0.30679762834350177,0.13045908322453315,0.35732807618463797,0.7511397036812919,1.1099544143280058,1.0830605986516753,1.344155421018501,1.88702567686573,2.08471185980299,1.6892198574185868,1.520092217891576,1.1644835104542686,0.9538341145496686,0.881324011174658,0.688475937773746,0.6744889020313819,0.6882305770046183,0.6924608820968895,0.6400714497244234,0.6978651570675022,0.5676706645038838,0.49148643803952746,0.7133499623240407,0.8388385751718322,1.0214733923589474,1.2622733559867292,1.390803457024585,1.2843743393536926,1.1671367967796116,0.867875290463584,0.8383278149995003,0.7490444966350636,0.17005328788740928,-0.2082647514959364,-0.5677361862102107,-0.7342349484925211,-0.61038063145445,-0.7782921497613489,-0.8426333019423654,-0.5808280575239083,-0.45132333813865605,-0.31792050882442285,-0.10680907021824383,0.09327026474687991,-0.1921705743216216,-0.5616370628151481,-0.9348313212417046
25,-1.0315632859471016,-0.9284993262460821,-0.5952682005655763,-0.26090984960501157,-0.081009462395311,-0.20257067095917686,-0.4276122209353507,-0.9229939970779252,-1.4022230830511966,-1.894376776802545,-1.8325324017501894,-1.9410511616000354,-1.5435121531660445,-1.5576496951586645,-1.6980421995516204,-2.0127600751744956,-2.1186978576583804,-2.109182530130441,-1.9782246509308083,-1.9849533646987005,-2.1252269411625133,-2.196667740942165,-2.2991946263390903,-2.4755787523010273,-2.6557678403101037,-2.6757296395745844,-2.639568511575673,-2.539883034046946,-2.491036222067072,-2.4202339515458826,-2.3798751445755575,-2.375958393624913,-2.3675827253699055,-2.3015638859819263,-2.175943177260137,-2.0869781280612436,-2.0448506533251662,-1.972758297502527,-1.781339005578924,-1.760219693225348,-1.769184616047655,-1.7334488674926136,-1.611474212707083,-1.3616168746276311,-1.303579235220766,-1.047047858051261,-0.4436488890535896,0.06278213733053005,0.281247171364598,0.7071452905253444,0.9372527956412929,0.9390421547145916,1.2189383367627065,1.7676893266305056,1.8525213156993237,1.9309543337237114,1.9927086158558807,1.9382842308056791,1.5353403365326401,1.1867548733921571,1.1633244275754817,1.1986574046556293,1.2897271595729671,1.4500707475172032,1.4640526225683366,1.3245725820925613,1.0188250877169573,0.968142338861405,0.8507373894812379,0.5963560159803571,0.22213711570013422,0.08163447638826149,0.23783849994004772,0.2322518288047353,0.0948645655444339,0.027408992372780557,0.5255693348532962,0.8868697454744858,1.1085016908593437,1.5139399920202328,1.9179835186482486,2.0765190509573883,1.7722511400839855,1.445251946320317,1.1160188563205582,0.9235071905658915,0.6645514324315795,0.5436521986679372,0.39277348802002143,0.4042702199090435,0.28807546701692327,0.30985560238222004,0.38770227337401364,0.4326294296611865,0.4767908938951975,0.6270111679002895,0.6485591763692437,0.9649183833044538,1.1750419113690895,1.1280209908212269,1.043888612496183,1.02316256161291,0.8697637275973958,0.7324494186033359,0.6620465731892359,0.3065251926386209,-0.25721604306755813,-0.6012377570410381,-0.6479362225809803,-0.6092164561344099,-0.5469137884727102,-0.7873286988433844,-0.7269920526405946,-0.6253479524338862,-0.49151801268243395,-0.2850206644400723,-0.0481296198214571,-0.20657646711004163,-0.3687522123141957,-0.7331576812030348
26,-0.94095368977146,-0.8811685744450344,-0.6006160935597751,-0.35750078398579765,-0.06187851308895517,-0.11704002165152838,-0.3239067250620454,-0.7530617290855393,-1.2220317318784473,-1.7535162618128874,-1.5223016097543844,-1.91559979002104,-1.4945915877981033,-1.4136278966934923,-1.6897422531897717,-2.0774574741455174,-2.2522160945430634,-2.1158717590054725,-1.8719190598983133,-1.9777783773446949,-2.1067212911854556,-2.1642816440899275,-2.295874429208404,-2.5368513003614366,-2.6949446805093347,-2.6569876327700066,-2.6951486771549185,-2.6842298312013075,-2.6307611941949456,-2.5716260778747397,-2.50002554529381,-2.4108264843914307,-2.3491787869592624,-2.3258831857824642,-2.2362467948231877,-2.0996155664064298,-2.0340259407594576,-2.042335577975307,-2.0141423047401035,-1.9122795394095695,-1.831794811780876,-1.7640067174682479,-1.6260371318093936,-1.4407107992614172,-1.2563884078916552,-1.0211364790517752,-0.4991930002000863,0.11962982846659453,0.2557788608086854,0.6343554059973628,0.9787395421072858,1.2030879452807333,1.354885850558907,1.6605267225430251,1.8424605817411215,1.9443097968882672,2.030455994842994,1.851634368203271,1.3780810582395893,1.0610667329439791,1.1188823497960916,1.2732075719685574,1.4342076722377526,1.5058236795890028,1.4435661074089208,1.3152831237384024,0.9628944588201652,0.8261848339026759,0.7155069412212665,0.6108358785233088,0.29459736439777745,0.011977575663052867,0.09541025711288596,0.23812391317367898,0.29572971911185425,0.19757739863206597,0.3431997612643647,0.5054962727557605,0.9602731917551934,1.5240234843210423,1.8309494473644143,1.951302443909543,1.7370145025951278,1.5194348576926018,1.2768458121568314,0.9085273190522599,0.499967607128147,0.3989899367405785,0.28708075703377184,0.2287468613765989,0.17938326730787676,0.12071203741525077,0.12179328615736816,0.17122254553892527,0.3235918755233598,0.526709425624518,0.713495006771111,0.9713098276442625,1.036947972541238,0.9214641320851858,0.8688809033347711,1.0117597009972235,1.1360358544297198,0.716737807574339,0.5693889844045854,0.33046010923162494,-0.22731382780051224,-0.6223255698156265,-0.6732420124898398,-0.6588621316876682,-0.6421554143574684,-0.9088862540521455,-0.8475193944300001,-0.7411181880367815,-0.6099108673995517,-0.38728989258191465,-0.13816507865323002,-0.24636752419979882,-0.4589526124470639,-0.779899340210819
27,-1.1046508646694724,-1.0128677021717216,-0.6481636318680255,-0.10563032842086469,0.33123366681044625,0.22835487265422472,-0.09684064837445507,-0.5409345099773337,-1.0850336785010182,-1.7685873231836453,-1.479871493764531,-1.9501158849745026,-1.5263607708209808,-1.5292529311646201,-1.7416220236087576,-2.018841784604211,-2.0403746475724414,-1.8265899180257967,-1.7793637809675311,-2.006148598928048,-2.1507761358356845,-2.193639895937031,-2.361446137435509,-2.5874251627116482,-2.743111702212786,-2.7470973796439564,-2.7006446925836514,-2.666368461931031,-2.59878790574364,-2.5415156775515633,-2.4725553189912204,-2.445503503741201,-2.4239016611930673,-2.3477402100773177,-2.2582135680429656,-2.1417538329959727,-2.0948535357665046,-1.9998962646771148,-2.1155661933886094,-2.034533768572771,-1.8287741047191202,-1.7457877023395105,-1.5712368260865275,-1.4439328600876598,-1.2898825685596567,-0.9580245598298899,-0.4419014245048444,0.12579055690759727,0.25129623688232633,0.5618404053607395,1.00540701410277,1.2311578264686642,1.5063938342129288,1.8535484181747643,2.1110997971340613,2.20011164922008,2.295934168978358,2.1241910460676134,1.672382100015803,1.2617064466077417,1.2168692604031077,1.3271992631952758,1.3305595039617584,1.3876193432091102,1.2164669183269567,1.0623640285704006,0.7814147773279184,0.5728586026390449,0.5539059854328089,0.42367908438308904,0.16861548093675732,0.017741542819602486,-0.02181653520442307,0.05138236097835442,0.01627578019654763,0.07639779148015345,0.36116024430640903,0.5683297734691447,0.8675736637511147,1.3044932042048352,1.937784838192859,2.033801187417029,1.9002663143261846,1.4683501571011008,1.382709116185459,0.7363119899062655,0.42469249235992534,0.3340616817095661,0.22974134381351122,0.14044069035181272,0.04535949838742159,-0.014262949908272286,-0.0966434316932409,-0.09519160431832484,0.08537077578330358,0.4911004518120652,0.6984962266504398,0.9448347869739168,0.8876769797487452,0.7711650428701614,1.0226629025390201,1.0871927244820472,1.1567559430948775,0.9122364103581762,0.7266712223994523,0.5143220106449978,0.014158363493492053,-0.4443664785921019,-0.7454050183822327,-0.9374761917143186,-0.947274973694386,-1.0788178787789986,-1.0699607027664673,-1.0438587235256804,-0.9131732607050013,-0.6932650413535562,-0.39130144966929614,-0.3573218748837384,-0.4873373038550124,-0.877405343094483
28,-0.9318354969751695,-0.8511099482105405,-0.5139167375954485,-0.05072288140842538,0.3787643503714785,0.3602894790806478,-0.0007349749579880331,-0.5035264496570062,-1.0655291272804555,-1.6265678944080422,-1.5015079879761613,-2.0018299925280543,-1.5240496329196305,-1.4996172909555907,-1.642642741153949,-1.6103017576514789,-1.5638558076319653,-1.578411910136493,-1.7047210183216077,-1.9840435029237498,-2.2437754521869406,-2.2920619379387044,-2.5798755423221222,-2.670714461752825,-2.798899413982938,-2.771073700276945,-2.7499031882491636,-2.6592481063579725,-2.5479286895628843,-2.4316500613433574,-2.427641970752186,-2.434571556312624,-2.4457512623850364,-2.3896341121910787,-2.3537418947730733,-2.2164970632270333,-2.133781860504423,-2.0625813652203853,-2.0781654382448953,-1.9879200096154621,-1.8553311310817162,-1.6666140819511621,-1.5340124230234218,-1.4149576657825145,-1.078272622690816,-0.8201639863654617,-0.4209259413061798,-0.013088006902154593,0.22191309066380613,0.5937000521053911,1.109501229777233,1.4962818062198455,1.6854544763378725,2.1907730744519816,2.54432465922995,2.3672953982725757,2.28421728741254,1.9867199239912707,1.6007172891111208,1.3222903049823416,1.2543283870758284,1.2893784545973992,1.247946615959317,1.1963840617254602,1.077983545691126,0.9135932858629094,0.5483693766991007,0.33138831431273635,0.41438595351733715,0.39350184499195007,0.13294789508689303,0.0912675902394556,0.1514312340503848,0.2911639851821623,0.21384352884085317,0.17802428353210573,0.4524238259050943,0.7692644756720683,1.074275403318172,1.1503301942566915,1.6718892001826713,2.067344713216781,2.05779780462907,1.7126072715906784,1.4339979582034208,0.7291068486321373,0.4503328846685351,0.26018140900326164,0.06736310851016478,-0.04105670409895693,-0.07130611464621947,-0.05950790258046966,-0.08337049521413467,0.001927781539963857,0.11100658593867688,0.351474442056812,0.618832924990416,1.0900729089560581,1.1618693980853105,1.0527104536837784,1.177003767696596,1.322203489739203,1.3482110096803614,0.992926208753666,0.8483891668803363,0.555762500978386,0.032565194743130896,-0.4564040642562445,-0.8431200622819793,-1.0153908163588283,-1.0365777801520197,-1.1805926504496114,-1.2373706512037896,-1.2653169545624867,-1.1182003600815242,-0.8137732947340126,-0.5005965256406433,-0.45189051427984456,-0.5401866666343261,-0.8100357430665619
29,-0.5856903969947047,-0.5555809286930308,-0.41101527062698107,-0.0027740997954172546,0.469188679832495,0.672628471956654,0.47090821366443875,-0.16517367031444763,-0.7474599598785915,-1.133730072874604,-1.1954846471139633,-1.8224114022181725,-1.196417763056213,-1.2254259601421844,-1.3547830038085151,-1.3157930167999352,-1.1964634966738643,-1.33527436608731,-1.5391124039643722,-1.8972930317898002,-2.2361673936553754,-2.3436485641982174,-2.5600636504951226,-2.570014380752481,-2.6468071759159604,-2.6986314856455342,-2.762852522985613,-2.645307173505081,-2.4793118821492213,-2.3843741020972575,-2.3576355314649695,-2.426285965732841,-2.4266004554583147,-2.3721485993805036,-2.3029425488685655,-2.2467572225621266,-2.232860062841675,-2.086188620070481,-1.9643674337258281,-1.8428114953310644,-1.721820004869606,-1.5007488048542614,-1.3393580572221193,-1.160270425675809,-0.8490562983098483,-0.6195422004692415,-0.3137326865313283,-0.07226290911355826,0.3286170788343493,0.6492718990099549,1.0512300465849047,1.3985435359168217,1.729628086744965,2.276111485309744,2.4603416295385636,2.1422525139617687,2.041100803167903,1.7490288979717699,1.395674580592666,1.1468310228748113,1.0968501648835565,1.11880293656935,1.0854803044478154,1.0383930313976726,0.8201656276732265,0.5674295519930511,0.27550943314868637,0.08453098317367579,0.10868361819784808,0.11632165219077359,0.041448909753394665,0.16036813138125883,0.2972349529511477,0.4415654320611335,0.4771284210864473,0.33132421399674733,0.5281648137566305,0.8436631395736833,1.183211021414552,1.2991999710502362,1.4890845928603471,1.7494481332814242,2.0534904666096745,1.5842512413099596,1.4399419962085276,0.8240244242491827,0.39206233226673853,0.19707762609213048,0.030995245213593998,-0.07173542827535492,-0.0634810812042065,-0.007061381557298804,0.03435439633705355,0.060700818027774155,0.24879434516199717,0.3444882168175463,0.661484454632632,1.340019331806972,1.382967630011481,1.1310233007759014,1.2815389750560797,1.600812071279628,1.4341268949995019,1.0513651474141026,0.9458571437602242,0.7747023355156468,0.1102263193537744,-0.3684332090719984,-0.6494945456899067,-0.8292751604888564,-0.9673260253194363,-1.2262303474113838,-1.2605144594077884,-1.157180974913629,-0.9178119946814802,-0.7632369841353828,-0.42247365251068303,-0.24306120330927058,-0.3785673081894381,-0.5646888510110623
30,-0.3331421483214988,-0.22010142606699232,-0.07391505492737843,0.3328348381753016,0.6453685081921692,0.7229388936650608,0.5947738672348584,0.08927313287226707,-0.4068913237132402,-0.755742963989734,-0.8867265654205556,-1.3062452782032767,-0.7541118036152726,-0.7683991969466193,-1.113263354113308,-1.0329900763252742,-0.9682527173457802,-1.1264200330597935,-1.3601273972871168,-1.7305128370402425,-2.2017533648246235,-2.4884979256254978,-2.518508887994326,-2.5398554456764697,-2.5266982040870345,-2.577228058802773,-2.606554995115055,-2.5009068888010817,-2.3302997346479772,-2.2265009189633975,-2.231290842815917,-2.2448034889381168,-2.349151836376604,-2.347467219309844,-2.2991470874328432,-2.214837632427759,-2.233764099096164,-2.107061956683511,-1.8928089086944002,-1.7429830753092128,-1.5124222740225959,-1.3350381657037345,-1.2188759203415045,-0.9456883325038143,-0.6528683378188971,-0.5423830153117336,-0.403369878879343,-0.11799376866707234,0.2979323539478452,0.5611022752147944,1.066705591340377,1.4604636835221796,1.685482572978908,2.0714011422826863,2.2569270956443734,2.018228526377233,1.8749480543523045,1.6526497133845968,1.2356615961407964,1.057018803391925,0.9833447668452829,0.9445810381978863,0.9243011790714196,0.9231557756591197,0.6844068875086871,0.32712049690279255,0.0426241837814862,-0.12718862973104803,-0.06008722179715184,-0.038829619456321116,-0.0056553912954313956,0.1937221384762365,0.3226911048579677,0.504012624069517,0.5846644490885016,0.5261986112345596,0.7813195199089501,1.1409535684433536,1.527751990619404,1.3889986771514637,1.6380777793978525,1.7230885409835557,1.6854405330898883,1.4158323342506831,1.4390308461924521,0.9142100075626463,0.29280882826887006,0.22542664991331166,0.07671590545867964,-0.12039877727157484,-0.17542935257017828,-0.10849217261973745,-0.03793553166136292,0.08943540629768457,0.2464450347593552,0.4998059088931505,0.7161169650748931,1.4253580217386546,1.467136520702997,1.353817647990473,1.5007034836790878,1.4852681678156185,1.4275980399628367,1.1342598428037078,1.0456400573461078,0.9570080957872046,0.2993806467840794,-0.10772399800649117,-0.44782459494922,-0.7043558746189481,-0.8918644123040534,-1.0213360305512165,-1.0819478587198201,-1.0485529914864458,-0.8350089992463607,-0.6947239902622804,-0.43346351531255517,-0.1749453512103,-0.1625022199871705,-0.3866099647263516
31,-0.345384523074862,-0.1766927045610759,-0.12544402030445687,0.32957745293650137,0.8043077016682112,0.9972838249700271,0.9470751650253015,0.43240683838368044,0.011188859848742606,-0.32085156021817496,-0.6010963087524618,-0.6980292966668883,-0.43907852197778313,-0.5158925861576282,-0.9544812206558291,-1.1014299830970908,-0.9571966489493842,-1.0549175572703615,-1.3667601622045265,-1.6169340960248468,-2.0329803265964728,-2.3297130053059787,-2.289953972119355,-2.4099599097500275,-2.414995651601182,-2.373923183464167,-2.390790572881357,-2.3271148588936272,-2.2313633213063566,-2.1308985078997167,-2.091919296306813,-2.1129978728331746,-2.184751239116361,-2.188306814810703,-2.195628401043547,-2.1728275371895216,-2.249001134196368,-2.1017012812531837,-1.9133567309250765,-1.6823163303764013,-1.5203985237751816,-1.2415226897233254,-0.9752679959223217,-0.8101797498832065,-0.560025091594942,-0.43855915093546505,-0.36734029121349904,-0.036564391183997465,0.3983170818345061,0.6485875429054075,1.1437477881061344,1.5797045254949396,1.8418167979085611,2.139246549471465,2.2768812833157046,2.033957668103851,2.0457998144111285,1.912004736892466,1.3915912817576435,1.1505518495215754,1.071497925378794,1.0839400833951878,1.053809786624033,0.8543757527829956,0.5845507840355243,0.3063168526656078,-0.02790747908513016,-0.19614759155749,-0.14842266537097437,-0.09091083813810033,0.0026964416232297663,0.2292303406638431,0.4082980513481565,0.5653986848975624,0.7664045842971458,0.755043813105888,0.9321966548322337,0.9511632198726361,1.2471025054253064,1.1952390789006953,1.6557064514713906,1.7399166295005362,1.6563969347214713,1.3392157427126647,1.5113390842635617,0.9820488720331553,0.44774675905272554,0.17113057263191234,0.14570490460298627,-0.08028217337228528,-0.17489083714371056,-0.12468874823933983,-0.03504402991924103,0.16574257560896075,0.32087047371590327,0.5260607888726822,0.9022784472345426,1.7208943787551043,1.491935050926528,1.5334165157905124,1.2892628808245872,1.0096262842315789,1.1341690534165387,0.9635516551628226,0.9128966866887229,0.7790540765908405,0.2071193512492935,-0.14407442041695104,-0.42748319971079807,-0.7163352658337524,-0.8062016867969133,-0.845068679110405,-1.0288405802896137,-1.1472951366343254,-1.0094397181095094,-0.8720981180775367,-0.3667881670981535,-0.093730989783265,-0.1618988160631034,-0.4829603580191083
32,-0.31371400042249215,-0.17455759818237,-0.2820504716534085,0.23605963896123988,0.8668348130735556,1.1110745869090677,1.0855851158553538,0.6787708680082173,0.1658001780913132,-0.2229512995345184,-0.4048336967922831,-0.5810518391668629,-0.3054464483597857,-0.45079223216037956,-0.8745131004285499,-0.975017415431987,-0.9980116015982686,-1.106338905005744,-1.3841508578877106,-1.7800818791170938,-2.0540309151976737,-2.346892418300474,-2.442558799219619,-2.2865185380471083,-2.254660119501532,-2.3165642162963715,-2.252682648756727,-2.1838970167022818,-2.1511858152448387,-2.056238635401334,-1.9826281780598385,-2.032873780756292,-2.0332185921347627,-2.0649422909449235,-2.14742829027285,-2.1513599210801466,-2.2048892496272874,-2.0642809041713193,-1.7984457416019404,-1.6412289604808754,-1.4765343389151881,-1.3510279483782874,-0.9536272246807259,-0.7513117349689967,-0.5669184901357124,-0.4853647292833027,-0.34199102871023085,0.06140834169313277,0.42166169368203954,0.6710965816417328,1.2919588186811195,1.8228308216572764,2.214150887734158,2.589834598066951,2.768270971535087,2.351889935991018,2.2228746702878532,2.051176039579651,1.6522704024770996,1.5615147999325574,1.4646665305110094,1.3360242598869352,1.1663218608214534,0.9651612859352986,0.678356218906957,0.33676539863109106,-0.004695657812068115,-0.1436400101413306,-0.12954458050854353,-0.07411950387665575,0.037166041413194045,0.30811398290259717,0.5174549185724164,0.6004971665502259,0.6207303792666742,0.6208467389230792,0.8953293545215919,0.9192389159222971,1.0308454182960072,1.0517786881901185,1.4880204498060017,1.5283899745467666,1.5583649165235292,1.5165797437072868,1.6071667345812983,1.1213436919789657,0.7406183597540458,0.30318512824786314,0.17568410468375412,-0.007463223349058025,-0.005846235711096262,0.02069920314690065,0.275506723096533,0.4143218811843015,0.38975043419241623,0.4681389656141067,1.0561832565350096,1.6041257575561563,1.6489617616717618,1.343011075521583,1.0378360592920064,0.6499192999915503,0.8787546161544445,0.8277273958254929,0.787675057629877,0.7097295123988281,0.17509529613515232,-0.21845973011509734,-0.522543220633989,-0.8164952856071279,-0.8811467787578976,-0.8471225919163334,-0.9497913203922737,-1.0435550448518673,-0.9454894950913034,-0.8800369409128425,-0.39573548438875317,0.011728252725979316,0.0027246923327037325,-0.35276417110988106
33,-0.3538985017666217,-0.18888840189046255,-0.17089867815900348,0.2497016396845881,0.8320244649796696,1.0500583017876646,1.0648604899552172,0.7919275625808571,0.21924837467052707,-0.18521208085520574,-0.30590485172949816,-0.30428099428164856,-0.06460278346036018,-0.34277396407922617,-0.7984667522428911,-0.9953445937217448,-0.9909626959591975,-1.1460063138849585,-1.519183026444445,-1.756722304802365,-2.092997293034603,-2.289288139921293,-2.3488113994456037,-2.226237709474367,-1.9996624113664196,-1.9310925553938012,-1.8973357479027015,-1.9137254213446573,-1.8569331685468582,-1.7861741611838604,-1.7666042693478499,-1.7799356164165128,-1.7344722509639539,-1.7680378974989812,-1.729205218723728,-1.8672313820160107,-1.9060996821905447,-1.8617302823994084,-1.6683729659844984,-1.563485459442085,-1.5026043490881498,-1.3412626797797012,-1.0428279655076576,-0.7985506018825705,-0.6302597287822302,-0.5579285244643659,-0.44017239396819396,0.02871266520243766,0.4305880912005117,0.7982841159575697,1.481002888068502,1.9279259073986128,2.289417137784062,2.5645816477075805,2.6715813756821634,2.359964317179868,2.360757640806702,2.3028409321781456,1.9314074027112513,1.7881394524370244,1.6476405813156252,1.5875122367274317,1.5051547678018662,1.264572566062456,0.8165723636813137,0.43154086158745303,0.038576914539877306,-0.1655112695600853,-0.15878641007003166,-0.20674278468114599,-0.07766461306382344,0.1512166985163017,0.35705422967529354,0.4807141541057858,0.5685929388503729,0.58903783943009,0.684626785214814,0.799764285506685,0.7004779986773536,0.789942352862809,1.1583500345740103,1.4542779554684413,1.5770877072364762,1.2945580492517834,1.036770648055468,0.9364667548221289,0.632923083736796,0.38938674595888456,0.2209078241815849,0.008796383565435462,0.0036458700801877677,0.0926830069201273,0.27759677544061057,0.31714792647912615,0.38281125226702384,0.6904792942158552,1.0678825455311167,1.3676962536683321,1.4292966541841192,1.3752650370999515,0.9863719521904647,0.5344292449001168,0.2745892220476031,0.3831320837096072,0.5244986352116433,0.32959657644290224,0.30811684707757225,-0.11302143986292057,-0.5693126037910509,-0.7726881609096243,-0.8647064477085844,-0.9488626652835545,-1.0935704066070104,-1.0497305781922128,-0.8234818523895878,-0.7428780689616187,-0.3509757101438229,0.07018947173976996,0.07972356284844853,-0.3221719640886479
34,-0.17832506009965335,-0.11291879564663468,-0.18169253718279418,0.3382731268382566,1.0925401847633882,1.4250311993437796,1.2626355503502937,0.90774797957996,0.3520279944284291,-0.12011417523449865,-0.3442098316042144,-0.2901039650816108,0.029399366529721947,-0.37560272791782146,-0.7631262400481442,-0.849327581193468,-0.993133119406475,-1.2182472974061451,-1.5260760326716634,-1.8023040988017824,-2.017732897892873,-2.1436973975267977,-2.206764836195132,-2.228805563148779,-2.1916499418468907,-2.070336825090898,-2.0861359942174276,-1.955802570306,-1.7698526073384013,-1.7309060493924693,-1.7557565913065842,-1.7364189242691677,-1.7324163535642438,-1.7805081217481076,-1.8097684306904462,-1.903165119244189,-1.952618550362897,-1.9192937289069876,-1.9096933459917946,-1.7827651159008029,-1.5565481610275347,-1.2672629887552036,-0.9834376675756439,-0.7648448756886899,-0.7100618956121192,-0.8447780695387733,-0.6801697904674526,-0.11924783863501862,0.5348707998795504,0.8414532209435115,1.3657553849955375,1.8766585876606707,2.2490509647237653,2.525972016669046,2.6819459033081983,2.5122760347192634,2.631481558208254,2.481643517664706,2.0385017828452114,1.8052624451561192,1.8860864178071564,1.9812325523597076,1.8926675593153512,1.598107796460708,1.0001978595980334,0.5155887004715434,0.06934271184816754,-0.2556504964472917,-0.386662381550367,-0.4332657995629188,-0.23451879516785865,-0.10730453318241312,0.038759828643997976,0.2567646055798088,0.4045021711463054,0.4770188568424747,0.4880951626432992,0.9022423559577788,0.631749915005357,0.45363120013016195,0.49016217134402856,1.2070785455329787,1.2867357775163744,1.06206766147428,0.5541372617118775,0.9489050624462628,0.7920939697962959,0.6975217948070528,0.5079905160863304,0.3227335071945222,0.19933484514596359,0.21108077509563644,0.2615612320717886,0.24225106685839667,0.35829960920130144,0.6778357307939669,0.8495285730668101,1.2461542657100881,1.392300415958333,1.1352920840253249,0.9805909313048975,0.30406439723048606,0.32529181491685993,0.27498149549469525,0.33700599843368895,0.19423182093346866,0.14296862397069235,-0.16155357608142693,-0.4900856579948276,-0.7013145630095274,-0.8180575799988754,-0.8177998372018126,-0.9852313690204768,-0.9441500658204227,-0.8392204737527341,-0.7799374033731956,-0.3958160508709426,0.07951361372568397,0.1668771080083308,-0.11998925578206616
35,-0.21188399860659898,-0.13225834779996926,-0.16836776508829496,0.1699760467009078,0.8704237818431786,1.14293522520937,0.9825634678957296,0.8262480106047082,0.31196068063579546,-0.07382403927128284,-0.14420433186770912,-0.13245119610469802,0.14564917432130117,-0.2235630890339345,-0.7496465358481329,-0.7423787302715548,-1.0186074092917194,-1.357176194234733,-1.5657982925010452,-1.8563808245702411,-1.9537389475633504,-1.9762059496850888,-2.0206294372091422,-1.957478619123145,-2.0159410668659143,-2.040939063842303,-2.0356161325026205,-1.9361350659212657,-1.84205605933494,-1.8054282146496852,-1.8215304682885125,-1.8013919617308336,-1.8159122541762251,-1.879957699820628,-1.9252234398725265,-1.9657208909663106,-2.006138642897583,-1.8252548947085745,-1.7191238390374886,-1.5722393396460996,-1.4004862511389302,-1.2471549228824623,-1.035552385263655,-0.9066669544061258,-0.9301386971609918,-1.0311255149038032,-0.7789269425962154,-0.06155726307859989,0.34792293220837595,0.980609647832446,1.3644323361239141,1.971429024888915,2.2869900927897757,2.43978116227502,2.564920885384391,2.569675693687984,2.690425350159109,2.5563852616731397,1.97152626751453,1.6632421281404142,1.8262508856842206,1.9383192960764044,1.9101442608118737,1.6577663159371079,1.2100317937644505,0.7184803863683552,0.2632195058384061,-0.20084955040473487,-0.419406389289259,-0.5664472501256647,-0.43976379986824016,-0.3046527721702626,-0.13439880881151572,0.1079347220852391,0.2878420005762412,0.16967263368337493,0.4096036749711018,0.825647143021194,0.7929595531507518,0.6707787084688437,0.5173368840630728,0.9346476934990481,1.1833675172794726,1.2534796536347068,0.7543834229594603,0.5134058293336339,0.9486222927648609,0.8653217148581426,0.7792142128232358,0.5478323888332092,0.26277703387664353,0.11328405554394534,0.1926577986371104,0.13168603621839792,0.02483838200119225,0.27604316560909214,0.6706214240304827,0.6959217736103286,1.1705070556887274,1.1250711469460484,0.5984226064045667,0.395159542112606,0.18115379482729718,-0.19953660107688564,-0.0996290564542491,0.12337084726074217,-0.022472210802717395,-0.4495312690704723,-0.571554936183456,-0.7933520378382163,-0.7465056877473942,-0.658194799299601,-0.7141448784757602,-0.7143116481106168,-0.7285030855963762,-0.7217294640060974,-0.385694050015657,-0.012557349699329227,0.1246309187577442,-0.07634926797164715
36,-0.5573544700385518,-0.42521645762546956,-0.36070988027555206,0.05776555036724924,0.70285717036199,0.9697547992514628,0.8637612675960438,0.709413967376242,0.27511471306284263,-0.0888596633633753,0.15139210279272156,-0.017386744492460006,0.22966123405638833,-0.11351528278515624,-0.6001301242819571,-0.7092322493200035,-0.973222669021399,-1.4384938162127519,-1.6756252924685546,-1.8499083630253534,-1.860727124141561,-1.8931733249959455,-1.8035623813324677,-1.6847205670723886,-1.8082423484472068,-1.8841575238368256,-1.8505293274206709,-1.840648856955729,-1.7773334766006113,-1.7591260413880343,-1.7711670752102247,-1.7819352136878042,-1.8797776978341685,-1.9410811112955697,-1.9461865167776846,-1.9476584288019887,-1.9832524742480275,-1.830180849668295,-1.6299415460442437,-1.5320518311196873,-1.432924867499648,-1.314231480966801,-1.092429282565948,-1.137593297761844,-1.291751838638866,-1.1965080645176034,-0.7090119387600344,-0.13041042984826925,0.42709236753636337,1.0592268305817678,1.138588769725598,1.648990286261205,2.278755108313076,2.6999035695207785,2.679451319515778,2.7195640065778575,2.7626377300048732,2.343487777941521,1.8032753598703513,1.4452051930465126,1.6056635864146749,1.8191391129873242,1.9173168335933604,1.842377978227049,1.4301290284974641,0.9442850574827223,0.3608752687977802,-0.09794390008211741,-0.3615085260078338,-0.5783795498672206,-0.52550669931535,-0.513049011312709,-0.35399894422094585,-0.21076787479292353,-0.05880250254211313,0.030773294433659937,0.28928481133498807,0.44745538817526437,0.8657222015657888,0.8279757009586729,0.6305439913944108,0.9763227295994527,0.7304011976085548,0.7092414665216322,0.40389080629008683,0.511678182964477,0.5936398234668355,0.3347596327234043,0.18040387949829698,0.14914947478128798,0.20294689927655207,0.40692534492596455,0.24000494549909643,0.02555510024280762,0.04554041243457164,0.35468835519429315,0.24104777697163907,0.2988995831276032,0.5567953891120906,0.8048474428511038,0.34275831660285755,-0.08392486380975371,-0.3620629651453726,-0.2342252614987269,-0.24454073130269569,-0.2297659642263431,-0.44655664157479985,-0.6507332515221542,-0.780932313636958,-0.8297384890596338,-0.8759398784188911,-0.7987524308729717,-0.7067344440428242,-0.4779405788621964,-0.5345275520016721,-0.6069401465747019,-0.2935458127198969,0.044697939693272605,0.0035341999285057237,-0.36218922345827875
37,-0.5521197213227336,-0.5701626034540566,-0.45611613180303207,0.11019984818526787,0.7353186510296159,1.0944738670328629,1.022088172190859,0.9579107043330164,0.44446998671170157,0.17482277469878205,0.38352377094340495,0.029331796938229272,0.07675899317617378,-0.13065031796566923,-0.45385035595969114,-0.7011424188758508,-1.0462552944001007,-1.4519150824965659,-1.7085946406008377,-1.8861280797420987,-1.8474080924947995,-1.7953102042673015,-1.6216234349964416,-1.6794082424157932,-1.844373610545534,-1.896909400527649,-1.8454697515724694,-1.7856387238761313,-1.7487330252186721,-1.7330462175703427,-1.779171249738152,-1.8280209380169121,-1.8515066551249661,-1.9582187226092391,-1.9609732327263611,-1.9223817513638377,-1.9061833814955473,-1.83580100508896,-1.771423602788378,-1.6596499861359182,-1.5459357267396456,-1.448066002769831,-1.4040300097704115,-1.4367269577158637,-1.4630083315099018,-1.1183772593586614,-0.7272168767335357,0.011922679670346638,0.11346057865847675,0.8657040191831297,0.9351637703494331,1.3023820033635405,1.9877634561257707,2.48733273609817,2.567843534797626,2.567470881140681,2.4084978732808473,2.027274608194544,1.5714179193144482,1.2573044631728292,1.3920385645697446,1.5300459302928577,1.5442800378618613,1.4699212915576934,1.0481014729628781,0.6282697833311309,0.240883952060958,-0.18015800072883853,-0.42338947652078396,-0.5573232995959366,-0.5225270477617924,-0.48054005625084684,-0.4234469014846684,-0.28144124862332115,-0.26893470687633164,-0.2234709009400498,-0.0949958624033939,0.17773167268565876,0.22443057325502994,0.29147040473911295,0.07551041207916173,0.09287053011861891,0.434165275308327,-0.012684415815872126,-0.2504337576030753,0.23101015578232725,0.5279830146127048,0.6291766008300264,0.4257362140666435,0.4727599005559103,0.3383283220380139,0.3797218419598006,0.2718679777914311,0.359692868302602,0.18876799631301683,0.1581864821578518,0.007124637452045027,0.2739385137148182,0.6912172714899208,-0.16665815006385842,-0.40232553101241064,-0.6373339622413297,-0.43907552331441374,-0.32786319648106904,-0.3388561604319587,-0.4616304348439438,-0.8776202410797238,-0.935744186612432,-1.058960451896623,-0.9156165598617166,-0.9194630887437436,-0.8537381894819824,-0.7662975566108498,-0.5149100996811342,-0.5366201683562051,-0.34617517149017685,-0.020885502493304887,0.18750078617807106,0.020443850077519768,-0.3511858304402533
38,-0.6751135755762709,-0.7837100739010945,-0.6588436628530974,0.1259238331559763,0.8381144247959786,1.0635880539666203,0.8872928634499164,0.888849134965887,0.43848625586425855,-0.017160388675198916,0.10612856614354013,0.19400825949053363,0.1264787133627914,-0.14755702762222817,-0.47228675601434583,-0.7730147229458664,-1.0455958660249862,-1.363079598829172,-1.5037650868013697,-1.57805309789337,-1.778646422120814,-1.8487222093979836,-1.7152724647098225,-1.7279101384048803,-1.7946629683108606,-1.9302908758554962,-1.93821976596806,-1.9289957984310395,-1.9236667275314498,-1.8772253994391552,-1.8840525829887569,-1.918783483856186,-1.9689574779239642,-1.9959822844319024,-2.0459775106074507,-2.0101535948316243,-1.947680162360093,-1.9005325755351636,-1.9016923308986802,-1.7415673379121053,-1.4966699474083598,-1.458331112175228,-1.484653868355375,-1.487966598254374,-1.2451310456652493,-0.8830436172945891,-0.5794714612870437,0.06861899131598519,0.1351462653534071,0.5620280804978547,0.8152295512492681,1.2154232632217983,1.7561915465712794,2.1607573203246218,2.0381594233918285,2.0481869593904056,1.8109477519502855,1.464820660177324,1.0769941812366741,0.9440114463545105,1.1044830021692176,1.2561280807422417,1.2541207353422348,1.2343842777911957,1.1377666137710882,0.9432228952040176,0.449535426902229,-0.070967196039969,-0.4113120110740547,-0.542772141780749,-0.5715768038394188,-0.5771422516527809,-0.6544371157935374,-0.6644433447593726,-0.4613221720694288,-0.4364854929051625,-0.22271225797649338,-0.12716284223876326,0.02590941711220332,0.007110640873398185,-0.12111356474640482,0.04828857920795687,0.12591515125287175,-0.1503335130430554,-0.40795161466862473,-0.11336552310314718,0.04571908480076047,-0.12081482350325227,-0.16692083026599064,-0.2764361296282463,-0.35275828014692795,-0.3891780172240489,-0.27926337441931975,0.04424395193948518,0.06448120249347446,-0.029015551251220757,0.12525574044704219,0.20832393123528287,-0.45620303789879335,-0.5730297462050582,-0.7519630875944143,-0.533093862679905,-0.32502504992679965,-0.10784892929581129,-0.22703815369445335,-0.3806708636739943,-0.8499465067729101,-1.0041778996403792,-1.1051220230121377,-1.099497822534113,-1.0511524470761282,-0.9425389466398573,-0.6883239365337976,-0.47344180458155155,-0.575164757678396,-0.5051478995556433,-0.18651525204601474,0.12225409171797522,0.10290701316341959,-0.34730341667060344
39,-0.5840275363796154,-0.6891311870533543,-0.5528442630828115,0.13228037601100243,0.717351317620227,1.2107647757877409,1.2511071226227546,0.7885585159121502,0.6074612561847106,0.020486981000783708,0.004190241023800441,0.2241110015474255,0.03960247863339341,-0.4477836890339041,-0.6410072491863043,-0.8084078214392776,-0.9652211434029365,-1.3702516017690611,-1.5125178960816394,-1.5702938261256236,-1.657177814373552,-1.6058578290671721,-1.6225889629820578,-1.499164549097545,-1.598449285390251,-1.6873322818564451,-1.7192843254606087,-1.860093507642738,-1.9332269130745363,-1.9605422351676418,-2.058759848727265,-2.030614011318221,-1.923834031632827,-1.987854766411382,-2.0142203321257295,-2.0696471892878363,-2.019683507272573,-1.8696538535422875,-1.6182040244958016,-1.475278688094562,-1.3595152429542432,-1.3711866287282652,-1.4005131522564627,-1.2899433458096106,-0.9798879978480243,-0.7056086400397626,-0.5874019233873448,-0.022966464716937866,0.06864945097238659,0.1674320313955497,0.31914234619965615,0.7538710922655093,1.3824561138545315,1.6187283091832443,1.3638888079300144,1.4827465184239268,1.4629301616737567,1.1825409435712804,0.8950636025324029,0.7874917894478587,0.9085544203504248,1.0379321132338744,1.0450592243439012,1.1581793227470587,1.074296299097913,0.8852716949781766,0.525818557185263,0.04234092802321742,-0.3663900055409592,-0.725119387782628,-0.8430174137840668,-0.790585879702401,-0.8350209813751995,-0.7592030693805815,-0.5184693313583606,-0.32054381568978185,-0.16490661903262424,0.07252280482546047,0.0857507281795517,-0.002288540040715024,-0.11920633502466726,-0.3092405467094572,-0.4495235160703823,-0.5801166984262581,-0.5921908356972757,-0.6169157839490785,-0.559937919978394,-0.6617320549830389,-0.6833790817979772,-0.6076505505521449,-0.5536483697410751,-0.868229314499301,-0.7886882664331523,-0.5936482806063567,-0.40052166727261573,-0.17725607615041325,-0.3345122818617667,-0.2930267451414938,-0.39357289896017905,-0.44684468405782257,-0.5468878345745828,-0.520710468393503,-0.30782469334111867,-0.26017488628012225,-0.24962802847982252,-0.7154768157003358,-0.8190743972786466,-0.9763830536804633,-1.0629296723034205,-0.97311738163068,-1.0131356903862776,-0.9235390130279849,-0.6949826045185279,-0.547242573635433,-0.522226396782725,-0.38938648224950045,-0.2206275072184092,0.056955426178656746,-0.04235678293632054,-0.30476624476325764
40,-0.934276938485348,-0.9085013301413479,-0.7418924997057452,-0.2143394240692257,0.32279336857067,0.8483403171034019,1.1745065290059933,1.1606015734363466,0.6854869665054154,0.13711709021119148,-0.04665152147797151,0.06804757218040945,-0.015847862603535587,-0.2818599476858543,-0.6996701709437667,-0.9693268332026141,-1.0270801093372857,-1.2760109734661789,-1.4643635648339393,-1.5901587191346391,-1.7315053116685495,-1.779972958222512,-1.6120077763382357,-1.533935774853565,-1.5282121967839255,-1.5259415031385193,-1.70614812986972,-1.813094303837253,-1.8806162910163429,-1.9594987024661856,-1.9412830397147305,-1.910432801663983,-1.8088075671301536,-1.8140919021167814,-1.8661723309574358,-1.8476992143492035,-1.5874695528941556,-1.422852201380833,-1.2485766241117282,-1.1672913776210223,-1.2082754536128335,-1.2972993246470492,-1.2632712436112803,-1.1878303287359029,-0.8862236335351122,-0.5963172338362156,-0.4905179909459539,-0.3635513315751815,-0.5131322248637229,-0.4020304728516521,0.30092803370047644,0.619801879016826,0.9816603710137024,1.1480853697254996,0.9756994586516612,1.0297636333032358,0.6875697136778138,0.4538338574125107,0.3320523923581065,0.3990986041607545,1.0957335317007375,0.8673612965624613,0.9734407241685912,1.114635841267995,0.9145624942208618,0.7930676576630752,0.5571803190595846,0.21527589301014435,-0.20598918349289344,-0.5789521945288011,-0.7939975461694657,-0.670169677304493,-0.6080180397952131,-0.5763901084882407,-0.3443311318602398,-0.11821196867554232,0.003665080791036605,0.03937834620715003,-0.02129564715991614,-0.07904239359255526,-0.13370370282967498,-0.35875255881662776,-0.7700817161187744,-0.8705646731524455,-0.7782472805104097,-0.7907727541907095,-0.7278262607595173,-0.8148183937477371,-0.9613185045662903,-0.9575287672353548,-1.0767400121594888,-1.1050292329889022,-1.1586124012200723,-1.0410526659487798,-0.7627463204148063,-0.530526816821414,-0.34993228288785494,-0.3203577578702465,-0.5424628117238056,-0.5732596329150188,-0.5179848981375891,-0.545704654421843,-0.4058898573962999,-0.3607230016170945,-0.5226663861148121,-0.6876685796297367,-0.8346784667694434,-0.8924482141317757,-1.0282347670981629,-1.220446980120068,-1.100421074311559,-1.003357865279143,-0.6464616128583542,-0.676368621964612,-0.7051744616452776,-0.47435544487568515,-0.25760564211266235,-0.019945144219459483,-0.2595262889232666,-0.7074425786960354
41,-0.9656270172330933,-0.9403971594389192,-0.8251697118762755,-0.46251536597684906,0.14894592694629735,0.6797067913014871,0.9072173108596141,0.9949870094495746,0.7289178116114285,0.12273731321282504,-0.2678275328137563,-0.16300909183102819,-0.0608645226237678,-0.4532878210810454,-0.8859908580447545,-1.161965182695855,-1.3942164875031655,-1.6361428062751473,-1.6911044168056406,-1.7466463442246936,-1.9060358742581769,-1.8103409460527957,-1.7593407506546508,-1.6786360437946717,-1.621334825302864,-1.6528953524625398,-1.7914309767468557,-1.9355703413943068,-2.0092225144576927,-1.9563263586128823,-1.8428174025874324,-1.664100623212817,-1.6034609341432478,-1.599353705810583,-1.5850809560457002,-1.5947223832668493,-1.580452699085152,-1.468965927330402,-1.2627772406331579,-1.4398216446615975,-1.4147010928320891,-1.3283345148696017,-1.2035322680879503,-1.0937590425623813,-0.8940039913613682,-0.8282994318604693,-0.5210190148324226,-0.4070110640857263,-0.4544984351913572,-0.24201258024571,0.08940653891588589,0.2510466578509845,0.39825091873004725,0.6050495487108072,0.37700770254973576,0.5269386007779517,0.0996626871210222,-0.12387448831325215,-0.20577307700672418,-0.049899987579865045,0.4116314104097155,0.6818685648840255,0.8932127582382777,1.1246062531853311,0.9378092368671948,0.6690683020006131,0.43711140633965684,0.21154326171983154,-0.008198085314548109,-0.3632541748294712,-0.6013022974346646,-0.6759886239768975,-0.6107215122206765,-0.4731571912568508,-0.37144902182591216,-0.21533668555164862,0.01594231408141354,-0.048294571809728196,-0.17169650237624837,-0.387795984174283,-0.6039033633588243,-0.8694624306485822,-0.8407124581554373,-0.8938449583731273,-0.89433121355308,-0.9784944877529201,-0.8739493102339292,-1.1016718036781665,-1.2974374910862603,-1.3213753115396807,-1.3790784147537294,-1.4383127849343824,-1.5444640128716427,-1.3660376817548119,-1.0959257117127377,-1.084865272502102,-0.8458550036225729,-0.7469507070946135,-0.6576259144015325,-0.6999897146041929,-0.6118412572074523,-0.715988303666276,-0.7070587224129926,-0.7151720221896041,-0.6690470841116254,-0.6203019001549135,-0.6506844295685327,-0.7630917857455637,-0.9777718628136804,-1.0919814146938247,-0.9984197638407123,-0.9455718773423019,-0.7327574805883487,-0.7067618082273691,-0.7401151953291442,-0.5531529969567295,-0.3629468612808352,-0.1969224103150433,-0.41513632583774485,-0.7562734374109168
42,-0.8694266013085559,-0.9694903504232879,-0.8905782360315295,-0.7167282371879168,-0.21337538581069487,0.46504332036257373,0.8333727075360178,0.9142965067820892,0.8813147695864438,0.22096610617107898,-0.2806609620330205,-0.5487610340484651,-0.6400017127949099,-0.7872229096913702,-0.9656455000131461,-1.4766338016135032,-1.8708206775783847,-2.1010320617930502,-2.3531833401757263,-2.0056474740076364,-1.9879122419801236,-1.9592948330156055,-2.0055907907956283,-2.015581191295343,-1.875063402045375,-1.7849001028311027,-1.8587639391088453,-1.9380311729056279,-1.9624471707246716,-1.8895104431873773,-1.7633466563519329,-1.52017335690257,-1.5415408166644298,-1.6195438348502758,-1.561769637735685,-1.586965241412226,-1.605194541451584,-1.4857214072706015,-1.506043297787472,-1.496089879530297,-1.555237693258683,-1.3960297739912877,-1.1227850131749226,-1.1035542798982565,-1.0578587557186194,-0.8143973145314193,-0.6962531445286577,-0.485647881733443,-0.3776836791334483,-0.3790791122947902,-0.09923122576172398,0.11889927516500819,-0.014965489009012923,-0.07242955653472351,-0.1786799674487376,-0.27576024527742293,-0.31095376445495415,-0.45747028543031915,-0.554684022066569,-0.3160526662287398,0.14768869960643133,0.44567051400682156,0.687383685307032,0.8631633260985967,0.811630250199933,0.5706674356569689,0.38845021917469247,0.23204274496317834,0.16649009642548135,-0.1228392037547383,-0.4412588667075453,-0.5419230131629399,-0.41238593910488647,-0.6003902315580186,-0.46057754225322517,-0.27389253368197886,-0.2785535323239812,-0.4369360212916739,-0.5278223618053545,-0.6701485056573843,-0.7960452009713465,-0.8754703295518759,-0.9201912903060766,-0.8522674637078419,-0.7576178093121253,-0.773149078231602,-0.9916459780746093,-1.2113921466735498,-1.3222129830689229,-1.3075650809526032,-1.3054223803023193,-1.3853971088423023,-1.4842466197503241,-1.4453030566508724,-1.2720468659944117,-1.2050656162941376,-0.9991127841408763,-0.8294705972734552,-0.6901194744774048,-0.7620947859866456,-0.862059818738984,-0.9174272384498898,-0.863623657800622,-0.8701279946895895,-0.8754687799567442,-0.7975218773098759,-0.6871671335170856,-0.7740801811042028,-0.9139200859036114,-0.9839651397216084,-1.0238710883117814,-0.8362502029373888,-0.7494815382429734,-0.7459742937927187,-0.7126023100439646,-0.563097237910096,-0.3775064024224953,-0.21315778832106522,-0.26753836224304456,-0.5683513408172194
43,-0.7825931538484754,-0.8945024793077174,-0.9122652808276255,-1.1327166161523674,-0.6547838875388445,-0.025992529616156362,0.5573808133033628,0.5692802644979316,0.6838756762356712,0.4342912080560825,-0.3058593044961895,-0.8369463802051698,-0.9232621585165185,-1.1107655553160025,-1.3082387295587117,-1.6341570334050057,-1.8835355231747566,-2.114461309600117,-2.2106704394167487,-2.425382958710641,-2.2981445669873355,-2.1496580000075265,-2.15173300861742,-2.0566430098325816,-2.085512043249081,-2.145719372613095,-2.1845160406149207,-2.199772156150723,-2.160080296415921,-2.062105380797002,-1.822888610801221,-1.5281714235810515,-1.5523754525160556,-1.725070081206312,-1.7913923737510173,-1.866181220734809,-1.9040841211714692,-1.90082363815958,-1.7894181047160758,-1.5464498078586022,-1.5741190143820452,-1.701846117333395,-1.6440130005872426,-1.141528845683911,-1.1175622626164228,-0.8972405836219594,-0.5413957238539757,-0.8740208122394337,-1.0472478884088523,-0.8673292296021977,-0.4943276853167079,-0.12226453599344014,-0.03855161972731197,-0.3177202575841874,-0.5046911466769339,-0.7732897371995368,-0.7383813723553928,-0.7851289047513536,-0.8149794809446818,-0.4361432254796797,0.13487377697994113,0.3129128794981813,0.46915310559430284,0.545280025862252,0.471780866411714,0.49502885288696513,0.4225570108832661,0.24632802362370795,0.11616845187240409,0.05960232314341881,-0.11909376708341565,-0.33698585970336264,-0.42285297713445597,-0.4496472115832031,-0.5054213627410729,-0.5201396012001881,-0.5006574689946612,-0.6735795240486974,-0.7542997494086325,-0.8515822133568958,-0.9434755411336854,-0.9973248455636793,-0.9677736382925212,-0.8722180931065017,-0.7116971964174488,-0.6682775568897881,-0.8984730045534742,-1.1015616797375654,-1.1683544702638538,-1.1626665366144515,-1.1410258468363361,-1.1860409890451238,-1.2056608968818299,-1.2465747922666837,-1.248378439978173,-1.1513698924756042,-1.0419976137046492,-0.9195942648878521,-0.8095501143865242,-0.7736254171700594,-0.8720688832697339,-0.9706878393465771,-1.0088854694186908,-0.9675455657135512,-0.9090795138897135,-0.9022388625926476,-0.9083744054934533,-0.7983511980818534,-0.779902078415391,-0.8687043330726635,-0.8751433375588763,-0.858250363800881,-0.8262508827021637,-0.8050753213622956,-0.6432754954146779,-0.40307905005875366,-0.09962476189891206,-0.0023790518335597105,-0.13026860722633155,-0.4474652277288325
44,-0.4655452391510907,-0.7521758126390129,-0.9000631007114589,-1.1182093802033115,-0.84807932975483,-0.4271249212173626,-0.18213310461999355,0.5239870508316503,0.06433781870314587,0.16444591457327026,-0.17307390915530693,-0.897678564131123,-0.9866448815363112,-1.0963599741371106,-1.1677338910148705,-1.540090702677075,-1.910428265404329,-2.006277668868125,-2.0961359767705168,-2.172906158035928,-2.455362305164912,-2.5466186056231237,-2.3687359017018172,-2.135708549261596,-2.087324132191667,-2.2869465255277706,-2.3871257918344657,-2.3990950385040906,-2.3331711695771036,-2.2564055213933485,-2.0547534767037283,-1.8430592660424987,-1.7734460244495966,-1.8477130252974425,-1.899182208525264,-1.9609290070240495,-2.11660207517793,-2.216940520485725,-2.1782864431912103,-2.1862384402064956,-2.1131517901973553,-1.7987579575646395,-1.7201629277637032,-1.6087280069270553,-1.387503656637828,-1.4801688294638784,-1.5035527316529331,-1.3111518551208095,-0.9535882573090503,-0.8188031992338988,-0.5361097125936441,-0.3751696708064454,-0.49179589999944007,-0.4289782909732481,-0.7403890586752068,-0.92458670281143,-0.8672165671452376,-1.018105345521262,-0.9426138616143835,-0.6276283138767509,-0.3267459920429252,-0.026816589195170187,0.20068623652919768,0.3671910244688956,0.4037867088118748,0.3945080851934418,0.3054410407275626,0.12041337118277408,-0.028325719970349127,-0.04381755701538551,-0.08319217633243738,-0.14387335921569017,-0.3258480628487385,-0.47679082412595625,-0.47296635135521714,-0.6043717260735539,-0.8039161912731326,-0.8246724616477789,-0.874518692606942,-0.9138516604683506,-1.0200715333946917,-1.0427790662772012,-0.9528875841399501,-0.8731043922502203,-0.684072645981223,-0.6707159989439154,-0.8986381296857611,-0.9173734731523259,-0.9413280815822005,-0.9780105383680596,-1.015397934599759,-1.0287623837849975,-1.0772345265478553,-1.0892509202831602,-1.0834990023497102,-1.0860430608889948,-1.0006231076519503,-0.8260081376621154,-0.7008345909891345,-0.727782824861435,-0.7744436186138317,-0.8279551719514558,-0.9004344001628561,-0.8406457557673465,-0.7756759775651059,-0.7305747611642729,-0.7057589484413906,-0.687266557028807,-0.7154175855683783,-0.6815769934749678,-0.5859706641747383,-0.5401112646724785,-0.5298073163054249,-0.49645637583249225,-0.4249590872434543,-0.2561721559062812,0.011996461584115454,0.1709229268685155,0.15089399846718457,-0.08582177765182651
45,-0.393796608669558,-0.662498787250183,-0.7876759101600952,-0.9639986313500049,-0.8436114576618367,-0.4580642370980517,-0.1354109010549683,0.03721255773664327,0.23862147696747546,-0.30576311014401103,-0.36561196374018934,-0.49828335477813357,-0.9099558216547212,-1.0335002785596354,-1.3235385016971453,-1.5870315464986224,-1.790141180213344,-1.9168044836323785,-2.0390547578985974,-2.0020268739974783,-2.081436110858772,-2.2904963922197954,-2.3753222561454743,-2.354957196627225,-2.3721918185113826,-2.3375678776907476,-2.3407151229860794,-2.286723366501678,-2.180218103764253,-2.137087032536651,-2.0188189032260584,-1.9951315469045474,-1.9507388246124322,-2.0327273515066855,-2.1341458483545575,-2.293641270798638,-2.249735528990427,-2.2895580499707755,-2.315788945398675,-2.48046350684579,-2.4439631203694336,-2.342638703194373,-2.1466091640828133,-1.8834953112644783,-1.7982840964182298,-1.708730256498241,-1.5988540956857322,-1.6968647217144393,-1.3434953442128024,-1.216731690241618,-1.0767975020254539,-0.7561268012485114,-0.6027341383414564,-0.7602723243988985,-0.8888959585041134,-1.016877215137831,-1.1500989242048583,-1.2463980840426279,-0.9554553084916014,-0.5537440686915228,-0.2484167109840334,0.04571414798518174,0.18474756581109386,0.22387086401242634,0.18967619926322454,0.15471308469777229,0.16329712114779568,0.15931866021520347,7.390231813042114e-06,-0.060103832963207045,-0.06850269730048338,-0.12625939375029557,-0.29195801656693826,-0.5222005853734706,-0.696763782585604,-0.6813179104941085,-0.8086988133315304,-0.9498275002639276,-1.0642673377189704,-1.1677724538813283,-1.1196293091371432,-1.0098410285008912,-0.9213832526555871,-0.8772433016674568,-0.8431004231565491,-0.7204813163670736,-0.7223116924225484,-0.7179047100308809,-0.6730181376398516,-0.6658384201630096,-0.7015746570700836,-0.754926609192072,-0.7945689131136695,-0.8126234235725243,-0.7746037461641345,-0.7974749850792215,-0.9207805033563193,-0.8385318956248881,-0.7961233565948354,-0.7790070968358753,-0.7479429620329415,-0.6732355695223355,-0.6633337259338473,-0.6442657753195179,-0.5548346269253911,-0.4487510627724612,-0.3567776315930544,-0.3792118263521037,-0.36052565667982994,-0.39788661468447417,-0.38240785708457775,-0.4073987158531381,-0.3329782388072014,-0.1905636282893282,-0.09290071307770731,-0.04684687088439896,-0.009904848450232599,-0.020512241862305273,-0.001274688374648071,-0.08347011286958146
46,-0.4582439001459467,-0.7015534780850371,-0.7684952912828875,-0.8610291702636466,-0.7484294434046922,-0.553477269976116,-0.4248861119856265,-0.3186081065814357,-0.2894619499200605,-0.23176466712700108,-0.5841421749838924,-0.6136964708260507,-0.8901426378774473,-1.0994749981216458,-1.1578907537151886,-1.3062043298525494,-1.5049897590471095,-1.7316112264715404,-1.8472048502084324,-1.8567960844286404,-1.975932782535996,-2.133188587744106,-2.090125097886907,-2.1540085249324665,-2.161529671744476,-2.180054791115574,-2.327287803157482,-2.3110418155168557,-2.2893291558529256,-2.2940390334182554,-2.114942822060856,-2.197912595458397,-2.295135432193711,-2.331706187944081,-2.454083495629687,-2.436370625061538,-2.491120744262595,-2.5176506057068497,-2.605901233598673,-2.589565262057224,-2.4867098309550397,-2.493669442301067,-2.4136733692680874,-2.2110519657948395,-2.1299597527602905,-1.9192441458623726,-1.661210242099419,-1.561803124798355,-1.492663653627405,-1.1008322412827194,-0.9087368837702547,-0.7885372190711983,-0.6613092050260541,-0.8446254606287475,-0.9363734230260728,-0.9351358934134862,-1.0676609288158916,-0.9730034679550886,-0.6435387882378542,-0.3977663292649384,-0.24369120995657167,-0.15428212795015603,0.0030639052314344662,0.047384321344240456,0.07397664162580184,0.004721429286209513,0.03608601283283448,-0.05391012249756101,-0.20678613018247344,-0.27091254531066755,-0.3136421120317471,-0.3469649969440548,-0.49263043517843236,-0.688687097785677,-0.8482269933415679,-0.9163103716548376,-0.9671735914775801,-0.831873655991558,-0.8980138198063506,-0.9782528705409769,-0.9501381109823195,-0.9394346452213639,-0.8422540740512482,-0.8321776215521998,-0.7816419692405459,-0.7285213591692531,-0.7901115475556937,-0.7954361654994393,-0.7772648777352219,-0.7882870350014003,-0.8684995765649673,-0.8892278684574504,-0.890829144043235,-0.8891954899975231,-0.8462241041707748,-0.8473614080232763,-0.96153029780679,-0.8707574461033656,-0.7685475942321462,-0.71952105103774,-0.685553260103327,-0.6643751660115212,-0.5738469274955176,-0.5085697808246884,-0.48301537697596825,-0.41211419517876435,-0.3148338013096595,-0.21919109547625007,-0.0466121413062622,0.048856776845948025,0.012174819069626823,-0.04477259974463848,-0.06672086772335267,0.05593782845577622,0.18548719907439493,0.283475409018243,0.2358167414799824,0.10600519483758869,0.05491766278566415,-0.13385140249804403
47,-0.04982111918622489,-0.1946576156918006,-0.2941949053789158,-0.3901812837429957,-0.5371738942697539,-0.5467871155368319,-0.510431495851447,-0.5341077902020489,-0.45371406692104305,-0.350872671847358,-0.4973137893025789,-0.80043485232481,-0.726222123630333,-0.8943017342555599,-0.9508844404553077,-1.0599338386525985,-1.0720299430674805,-1.1082542035645846,-1.330667108162226,-1.4495601421781776,-1.5571468999734173,-1.6859160131256892,-1.8632637542011474,-1.8918234297972236,-2.025439444693483,-2.1362560886740534,-2.274338302688927,-2.308089007498578,-2.3292509790565092,-2.2321653761988527,-2.355887704763916,-2.3277843834348233,-2.2890873188282113,-2.3787941206314946,-2.4812628149056972,-2.4378015333281438,-2.387969250759203,-2.4249591718260746,-2.5346460304961917,-2.4143975998826934,-2.380115071005117,-2.341132025968477,-2.326130594672076,-2.1512830748779432,-1.78977777541537,-1.4985888521986195,-1.5418416558965973,-1.4965072578292624,-1.2347869099368638,-1.1138336629731382,-0.8089645412961082,-0.6454187212109581,-0.707416001223456,-0.7751881237660372,-0.8686030895154794,-0.8708440123480273,-0.8201923275192365,-0.6694550475825053,-0.40143362571327984,-0.2196763507555843,-0.12981018625707016,-0.1268504006499526,-0.1290426433216247,-0.1936624876175783,-0.21398434231710464,-0.21715852302230873,-0.27477294945074177,-0.30669279088283996,-0.2720658961961686,-0.3727496858946971,-0.49454440193084076,-0.6313637582580307,-0.718055209896858,-0.8091316552035198,-0.8505003136015135,-0.932159089050552,-0.959720927682523,-0.8731440774533316,-0.8813328559395089,-0.869630191243448,-0.8920870468813493,-0.8546662930071176,-0.8988111671504463,-0.9470750872351223,-0.8885159466825914,-0.8122488713040463,-0.8214782178052568,-0.8336585454034128,-0.8272004693775774,-0.8599310542702635,-0.9488425550045027,-0.975016162332178,-0.9681784713099189,-0.9960136853518545,-0.9437378550482898,-0.9354589818055866,-0.995403520677604,-0.8888607320450227,-0.7311192205301286,-0.5966557359997812,-0.5344292152045544,-0.4909330318976112,-0.44271428492419473,-0.3201906195629682,-0.23072269971502268,-0.24106453437909844,-0.22213641618124247,-0.1687982463984739,-0.020912945489034662,0.10840013731260478,0.19834543695277684,0.22465795658979917,0.3154662762768522,0.43456226985042334,0.42817655310548397,0.3940024703765098,0.3160036569232225,0.2272661518344839,0.1598797635457309,0.07226943899611918
48,0.2920274290068258,0.1657502561479185,0.029099202086341956,-0.17191662452855958,-0.3601977002280124,-0.4227475227568639,-0.36024119966272355,-0.41973103938726586,-0.3645730990739926,-0.2933035619966213,-0.24461951149048528,-0.4400841180649423,-0.5567191051044523,-0.718139862427324,-0.7707433811792797,-0.8439904538898805,-0.8738225646527439,-0.8583961756260305,-0.951508059555395,-0.9451454106669521,-0.9992966499868682,-1.15756568860746,-1.3314594690335002,-1.4236119264379887,-1.5434704319861599,-1.6544722810226302,-1.753751191954285,-1.7122613198803636,-1.88946401417166,-1.994259673959629,-2.047584033816751,-2.1384205352213597,-2.092973190553962,-2.074161356421192,-2.1051833363623262,-2.077478458570139,-2.013803106901003,-1.9518747316820653,-2.003527897915097,-2.1129264777726013,-2.1157227663750104,-2.003168836339437,-1.8701896040316155,-1.7753677113052633,-1.7497007662474189,-1.5902670400847303,-1.4797987533269048,-1.2242175740371084,-0.9029946020085693,-0.5489404854673081,-0.37347498740767743,-0.3255046690408522,-0.35381145554781934,-0.4871044036443483,-0.5706130180815004,-0.5907370686207267,-0.5195828603909509,-0.36153922997496474,-0.1338294562344556,-0.00030580365391199004,0.02094148889719235,0.008811526435119002,-0.03240580107581963,-0.09377378329754296,-0.08106185794963823,-0.13638914520915632,-0.22677339347305328,-0.32980353953874086,-0.40759399799754503,-0.5286861150716048,-0.7021216877510387,-0.7077728850266365,-0.7562464413840868,-0.7692776883913589,-0.829701783194263,-0.857886620588351,-0.8619051217780523,-0.8700747777689612,-0.7767515038069925,-0.8628532769314367,-0.8983997986210897,-0.9266114237972751,-0.9775749192928174,-0.9976769082357004,-0.9161215738030875,-0.8863571118950725,-0.8471689558055339,-0.8331592468955127,-0.8623361007332221,-0.9018420857967925,-0.9366528133367477,-0.9295981495668147,-0.9700480428461967,-0.9971446179558849,-1.0203532857553386,-0.9755712000314241,-0.9771790141378478,-0.8740989329447851,-0.7050353854959267,-0.5481068003085323,-0.44597326095548573,-0.32902273408252114,-0.2531164202101506,-0.20294498369540293,-0.1991628559702521,-0.17992310973330036,-0.179875116875582,-0.17229139796604803,-0.07509321326580536,-0.015816860780460705,0.12921082284843466,0.18001293419486356,0.3054469226232186,0.42148670129887966,0.4276192241953572,0.40137525929922707,0.3753676033208285,0.38335931392282235,0.3613583184648285,0.34064142089976973
49,0.373016964334109,0.2365915053973695,0.11147529859321195,-0.021943761700619936,-0.13011543816889656,-0.2106931953254226,-0.1979264522584209,-0.2638099238709951,-0.42031990105858963,-0.4138623161965423,-0.39562805865890943,-0.3413898702693181,-0.41816840614045075,-0.4223835247945872,-0.681532772422829,-0.6045690560755536,-0.6381538755158989,-0.6035215462632812,-0.6166649894497167,-0.6961062771616414,-0.8488497293138197,-0.8833669165474473,-0.9916045977341277,-1.0881663188711526,-1.1988792516144648,-1.3104611103539519,-1.3672955932978363,-1.4784859114650752,-1.616375299979609,-1.7723949521422362,-1.8311157562652751,-1.9289859381505927,-1.9374357027834357,-1.846847875744094,-1.7559732767695044,-1.73052493936647,-1.6466190615983125,-1.6026355946292772,-1.6412374294938263,-1.7011076036803334,-1.6375021219304282,-1.5944706059932618,-1.5454958084996866,-1.527491845503187,-1.3576500327460046,-1.2720872015165305,-0.9750215933236474,-0.7324449216982908,-0.5195268492276688,-0.3010775540924145,-0.17695327446530204,-0.12274832199451596,-0.03847039617618892,-0.22613675397637897,-0.3229845584277147,-0.3111914502258531,-0.1583356267595514,-0.04508215130360733,0.09911982897080518,0.14662127917895265,0.15009832690964395,0.07828906838657067,-0.006795177025142395,-0.1367839051875118,-0.22339632007420407,-0.28379555090348413,-0.3050466108419398,-0.35301898937196036,-0.4082543810065746,-0.5031526161194546,-0.5931534065345833,-0.6158650292352588,-0.6522985066792177,-0.6977150497012966,-0.8128693737158681,-0.929995880352268,-0.9685876168328117,-0.9586351791097381,-0.9634058613042257,-0.9038489796716719,-0.87636272444086,-0.8528593449140857,-0.8553809994303593,-0.8411432941176908,-0.8568758240589611,-0.8311586453105884,-0.795367456328139,-0.8333429563107018,-0.8792918674935227,-0.9110922123698812,-0.9182599141162372,-0.889520778514342,-0.9120704584968989,-0.905611830413067,-0.9348493525853142,-0.9200520742776993,-0.8713312940946386,-0.7501917108468458,-0.6551042414926201,-0.5224916699046412,-0.4644145447775512,-0.4321500778936077,-0.31060219304987874,-0.19579220079462797,-0.16106808930389396,-0.13777034432140345,-0.14369903397393813,-0.08478905114962806,-0.03836899204778278,0.016840450603737466,0.11635690114343518,0.31481965542295187,0.40942587102532246,0.49326022437097977,0.5280644476463395,0.5186181126190247,0.5263508913660121,0.5382075596246055,0.5145424954947903,0.4501550416376481
50,0.402930890672844,0.2612646170723522,0.12707123778915708,0.0005823148700809252,-0.08613129062887714,-0.12188970459966976,-0.21377293163901542,-0.2821073947657548,-0.3173639047653754,-0.30335133825914307,-0.281302079649436,-0.23530397572200884,-0.25289552439342705,-0.40612063219972544,-0.5038992874968236,-0.5491531890448557,-0.5514205916825767,-0.48984660619064746,-0.5061776961984277,-0.6423191365433165,-0.683881105440789,-0.7099242360569823,-0.8002582311543424,-0.9124918399264731,-0.9792137694958851,-1.0645148761334613,-1.13549922151741,-1.2592818393984229,-1.3061304708570234,-1.3640314235626545,-1.4073881454027195,-1.509375086150266,-1.5595625143970384,-1.4754569378202291,-1.483786026148651,-1.44528030485749,-1.4234360844782366,-1.3493638317657024,-1.2990064855272139,-1.3033069042252394,-1.3739644363806078,-1.3245891829141896,-1.1581852040191276,-1.0278946219097778,-0.926662380068101,-0.7777324193777249,-0.647844955951443,-0.5160622600320074,-0.39740558079231114,-0.2534009266629843,-0.13965402478795838,0.027275370158029298,-0.002312479815690209,-0.030558368016132563,-0.09315666184928714,-0.13394108516225123,-0.06900119782058486,0.12034338190030097,0.24047953992784296,0.2929601121976489,0.24466034382171734,0.19287023528281733,0.168133067432719,0.053456335174112066,-0.06532311542659956,-0.10624689764569657,-0.11971179173703408,-0.16372959250636898,-0.1950374485739038,-0.22362694347783796,-0.2762573320347349,-0.3782178076508928,-0.5168646972242625,-0.7121846476921126,-0.8520968774239325,-0.9305916771283478,-0.9673157561180397,-0.9401056707579115,-0.8453833906056815,-0.8361781903628057,-0.876939488774483,-0.8697167703850569,-0.8835400466457068,-0.9343356813629126,-0.9440713966864,-0.9051259690953605,-0.8405659677993103,-0.8414073143191425,-0.8516704161742717,-0.8567714133533602,-0.8266534546566221,-0.7781978356004655,-0.7670766467961522,-0.7679788604864062,-0.7901126816322822,-0.8574818386454458,-0.8535870979282703,-0.7658304176094753,-0.6265612434574921,-0.5392176854105678,-0.4206432297807101,-0.41017108320671397,-0.3843071074681249,-0.2923776734021122,-0.22849984693348818,-0.13372537145032098,-0.07490376624795114,0.026930556537754884,0.13839103679840375,0.2910907087408106,0.3989067856683391,0.47946306276266404,0.5038881010358277,0.5464148526971591,0.540185889257422,0.5669946432914482,0.5740791167101761,0.5717888586646057,0.5431333542672222,0.4819200886947072
51,0.4558876858120727,0.3811467774938737,0.2509220842684398,0.1581483584654946,0.06253784286660592,-0.045665705454052054,-0.1465471276916029,-0.273059635737396,-0.3990616840239777,-0.44816204743686544,-0.4328102769288353,-0.3578304718925632,-0.23878123928759026,-0.20692151193389477,-0.30622086125271725,-0.42142625458089517,-0.4783056702702274,-0.5658624602022722,-0.6304444119654685,-0.7248828669216724,-0.6915779176562882,-0.6359394086971093,-0.6460622514440609,-0.6945469303976558,-0.7524256153142171,-0.7913695887881016,-0.8525853783864732,-0.9257093653059552,-0.9560108798050109,-0.9946656675993706,-1.011303711223382,-1.061788172992114,-1.1339615755416868,-1.0257247880072105,-0.9492412975988747,-1.0077308665364135,-1.0619943053925174,-1.0402836240179407,-0.9124016031901845,-0.8327132646123886,-0.7824170942704165,-0.6922654545018178,-0.5922910367103104,-0.4495781982213591,-0.43883430591756395,-0.311963372129904,-0.30317590147712387,-0.31398768007747196,-0.2662299085421484,-0.18463948803742028,-0.27157414572932387,-0.25431851231114483,-0.14347537471810015,-0.059376264682772545,-0.02988850258371534,0.0021951638069130455,0.07346852340577169,0.19187104926229698,0.29414774720385506,0.3303679149085644,0.3319230940700595,0.2990547461567682,0.2689562883560439,0.23252143059679184,0.1474232631927919,0.11719081490193708,0.10536279182688923,0.14545949334271457,0.13931451912601062,0.03504821524869769,-0.09333858760052385,-0.23065723406332955,-0.34464041224805353,-0.46406487663692203,-0.5959035020335484,-0.7004906584994324,-0.7181992847041025,-0.7552081500755395,-0.8212679739998954,-0.8857508478545513,-0.9062731099256816,-0.9214066409362324,-0.9393440400571256,-0.9751651717359237,-0.9432989887912195,-0.9029682116467681,-0.7981986590412586,-0.7973032792999557,-0.7987381003921485,-0.793031499614282,-0.7668430385784426,-0.7215498559370801,-0.6865372918994443,-0.682040382366443,-0.6738601290992445,-0.7298145658831693,-0.7608609351004884,-0.7116000982395055,-0.6352501576386536,-0.5302282715250776,-0.4615646951615259,-0.3947926954369094,-0.3277768477022297,-0.2985810685048814,-0.20269071916265147,-0.09591126215835842,0.016668629791293098,0.11452746998159621,0.2762136904226381,0.42192325427649413,0.5534304652953665,0.6652532397408064,0.7263385753798163,0.7174915429862708,0.6879660799816735,0.6329182303017563,0.5884984347397725,0.5630642050827324,0.5433582859161299,0.5140690031639752
52,0.4126361362144974,0.346970282061818,0.2302409593844015,0.1201283579749602,0.002593783676926631,-0.05805677698258617,-0.1153741616814424,-0.15977645002311153,-0.221953290294421,-0.25395721833223656,-0.3246304451023536,-0.339649800469918,-0.271410890639243,-0.27012945244121794,-0.2422422982696431,-0.2391321326242156,-0.25491301485452544,-0.3192938422268046,-0.4150055625506741,-0.5037051735511658,-0.5539133026030564,-0.6040343575741149,-0.6727403100943486,-0.7052511327068716,-0.6788064174663563,-0.6529536651194938,-0.6609845333361327,-0.6986472227646199,-0.7146531908980959,-0.7387211423067014,-0.7673266274592967,-0.7809252238339696,-0.7969555913502031,-0.7319536634605672,-0.681963778411123,-0.5953483287705583,-0.6418633229862274,-0.6690233290466016,-0.6705923977693772,-0.5603708884755432,-0.5046699727164097,-0.4100183043137941,-0.3044770932723191,-0.17557689578902036,-0.0769710972426093,0.0053218615714802405,-0.02200377223370826,-0.06987860737121686,-0.1992192982682543,-0.270947422755578,-0.229287737193485,-0.1430229649705305,-0.04013782641738134,0.03496528598210529,0.11620425353775463,0.23738819645338374,0.30933166852169064,0.37419095623131576,0.41027534290902357,0.42211543382378286,0.4228402087662456,0.40695033646375656,0.40041670687382463,0.3811860488690229,0.3404279617433602,0.2834863495880236,0.25551146413826786,0.2251707292199876,0.21422705433754077,0.20749869301276305,0.1582932687881212,0.08757441389735951,-0.04752681458847865,-0.17930593548330706,-0.287374203936744,-0.36509040791552644,-0.498122537889198,-0.611874472739617,-0.696515923398807,-0.7668061346607287,-0.8296672674509287,-0.8894565135376784,-0.9079458477701404,-0.9450206367835532,-0.9440147097427029,-0.9110194226297734,-0.8730560557325332,-0.8783345730353924,-0.8586319018071427,-0.8507646917736024,-0.8332575561647217,-0.7967579496882392,-0.7601558337324579,-0.716725159868606,-0.7089262449014353,-0.6807100164147573,-0.6418678043474032,-0.6098729311547393,-0.5561389855878573,-0.4960968513857395,-0.3936849228506692,-0.2985235027731999,-0.2540174804973994,-0.1892561507251595,-0.09092226652461373,0.04433221873385533,0.18339506128822752,0.2981023994948623,0.4270063271310528,0.527062152422858,0.5901141299408759,0.641165274973534,0.6643574560796578,0.6836057113544043,0.6638709706350282,0.6155595574081618,0.5828423056727697,0.5544958361815003,0.5243303113484558,0.47792753114020536
53,0.5794097414299411,0.5333915356159171,0.4568240704089766,0.3373930525676113,0.24647879008340698,0.14075516255647524,0.0643340015001883,-0.04773936184110671,-0.12605133182076803,-0.18828094460101347,-0.25397031303104683,-0.18568081049297624,-0.22141380260315055,-0.23607439574596564,-0.24699277815532392,-0.25952411330149744,-0.27965180162181996,-0.3282691859070676,-0.357104694278299,-0.3798677303906406,-0.39047607788998995,-0.41245846759573734,-0.4238359636246542,-0.4330953361460314,-0.41474875090002006,-0.4393945772390293,-0.49755065108620217,-0.506016670771231,-0.521634620287577,-0.5343437856924981,-0.5738942166745293,-0.5967989615845424,-0.587989271412163,-0.5388947985062464,-0.4889107901906898,-0.4051797733697427,-0.34942194710602975,-0.33112720820688857,-0.2881210174158262,-0.28708843793563316,-0.252915126083617,-0.2089473622549069,-0.18031366656689585,-0.15671921869912014,-0.1577350809929549,-0.13477061423829215,-0.09245661680857804,-0.08823792726870502,-0.03410765303594219,0.013848346477035457,0.07586087804310551,0.11495894615834917,0.13659505969266755,0.20035495087686758,0.24224777960936317,0.29707325894264636,0.39624157568580065,0.44759804901993144,0.4885124462322615,0.526540298198192,0.5782732269834187,0.5857556315024117,0.5986556142911089,0.5992012075720058,0.5740456240332124,0.4971985856076164,0.4215870633643932,0.37376980501482643,0.3286221580384462,0.292198971012376,0.2740382022175427,0.2285868780453945,0.1476728004241722,0.045655556925766685,-0.06629557669146602,-0.18039883970949044,-0.2802532125747516,-0.37749090963294973,-0.46973532387155315,-0.5692602924245294,-0.6265529053486335,-0.6764427906487519,-0.7283404296170675,-0.7464190232453216,-0.7708961044433023,-0.7811451456825118,-0.7875834534321008,-0.776684951001269,-0.7523441954817943,-0.7474058023549754,-0.728308042117656,-0.6965408253977753,-0.6506820158042199,-0.596347839173281,-0.5796226432973989,-0.5771155338113774,-0.533730564526806,-0.4742821659636212,-0.4422727718573057,-0.41980216898489514,-0.39240964626173125,-0.313051886722853,-0.17362269265140354,-0.08188816385803023,0.004259698064426751,0.08293486293383795,0.1748386303071042,0.2966666957348733,0.40742147668832634,0.49013440929792346,0.5393528857778316,0.5636324207914446,0.5970646684792132,0.6085789315412186,0.6054977952136841,0.6196552236976279,0.6213809498077952,0.6207526116131427,0.6132171988626574,0.6101035208815806
54,0.4476009249556222,0.42501796738011294,0.3705065732437163,0.29514383686006507,0.19622200338145268,0.09623058474938107,-0.008682271794629649,-0.06653514430638073,-0.1468951455718789,-0.20183326938062698,-0.16839759057845788,-0.18029068937770462,-0.18283731148477922,-0.2220122555116367,-0.2523468622659034,-0.28502313614641883,-0.30053607303536267,-0.3049440987265976,-0.33890044928199076,-0.32650578782122974,-0.2903313684331277,-0.2965356076014569,-0.30562781838509745,-0.31333059424788995,-0.3124597917575575,-0.32488425467764936,-0.295963831699761,-0.2800624507347038,-0.26312304642654166,-0.2472157001741389,-0.27217139823020076,-0.2926772273674591,-0.3228080678735579,-0.33153638577128797,-0.30857526918303957,-0.2490430586817784,-0.20812418849712383,-0.21083193788092483,-0.22407742941422612,-0.24900183728163736,-0.2842639997622946,-0.2987612366557507,-0.30617885381787274,-0.33973761988202705,-0.37613850717199615,-0.3771562753129111,-0.2804999985500522,-0.18933129741506619,-0.0771298328647395,-0.0020577828925360062,0.07479122635692824,0.15275379755835167,0.2547465880685863,0.3213828805229854,0.3713870209864781,0.42646180610608053,0.49507482770942834,0.5575059244775267,0.5826358612068885,0.5969881268187421,0.6065125570978187,0.5908063487611424,0.5956210821011744,0.5902972043966666,0.5710359698118335,0.5506404314077145,0.4798855833113873,0.4148511416932527,0.37780841824573735,0.308309361722033,0.23134009190533814,0.18685170503321352,0.14771223538000527,0.1083884167719448,0.050110039327850506,-0.03363224073219435,-0.13201818274096422,-0.20008396716644755,-0.2579865973696336,-0.3386613712987904,-0.37072631235827497,-0.4098308717269943,-0.4561648706810941,-0.4931041960321625,-0.5386245845947362,-0.5740279249658619,-0.5909729382861764,-0.6126981497067165,-0.6047699122890464,-0.5947273212815882,-0.5813926482796853,-0.5599847355195247,-0.5060797338210142,-0.44330498754046305,-0.4193827849687713,-0.42544634214719984,-0.4267698253786697,-0.39554437995460157,-0.33816425609543443,-0.25947178422265293,-0.19750894286331735,-0.16900900542522304,-0.11556105591963639,-0.05299330621771949,0.040709826612632956,0.1253877188465307,0.18164714645198796,0.24638048512331262,0.29801540072371513,0.33439753569561126,0.3969201033228294,0.4450335203202115,0.4660960857789226,0.47307509940793196,0.48152223886179296,0.49665434456152674,0.481218850030352,0.46391401218078,0.4629022271205392,0.4644311140362365
55,0.2780649863371161,0.2566587973557838,0.229394124374165,0.1916990344985273,0.1333239017865652,0.09344958693300782,0.06730881328907344,0.0474857319510481,0.010110021983011443,-0.03568521830172955,-0.09024940377452992,-0.11932750938622566,-0.12415870372167959,-0.14001544326859014,-0.15379074135755205,-0.1655920791162732,-0.17170536264462777,-0.20374387353794082,-0.2215573129841098,-0.24869663325790187,-0.2671178764721339,-0.27774929508782165,-0.29291385010008536,-0.29742694765819977,-0.32971076498664975,-0.34963980871357325,-0.38070348227874407,-0.4156161767092333,-0.4492465903025569,-0.46596457204049585,-0.4639307262109458,-0.47213031815094525,-0.4839943062284297,-0.48628337137458744,-0.4805683314901408,-0.45546252438066326,-0.42645257411178333,-0.38886609936803224,-0.3611370117750687,-0.34670715579934763,-0.33014500745987196,-0.3204677189824861,-0.31003633429908145,-0.2675019499231026,-0.21669848230400124,-0.2084947431613365,-0.23424824977793413,-0.24678141104320556,-0.22970313750154703,-0.19249475228235446,-0.13797173340229363,-0.09359959880819364,-0.04342179959300296,0.028514889183728506,0.10180575490598356,0.18005120531757343,0.24410468747889666,0.29648033141042307,0.3381055744205959,0.35722994218818005,0.36855988049399035,0.3781981262122357,0.34818689029651256,0.35338062038934376,0.347643214217504,0.3448590938531321,0.3331028336470505,0.28465707599452095,0.23188549278803947,0.19376801742435268,0.15721559959468698,0.12867641373206318,0.09357811924304031,0.055373624695131615,0.0037498722328204977,-0.04575154562674606,-0.0747660579473031,-0.09363318007897206,-0.11677889782252147,-0.14593949050324603,-0.1831379417981583,-0.2081717088710854,-0.24027333071745857,-0.273503164506604,-0.3062880750332928,-0.3398173513724636,-0.3668597361487871,-0.382989832704011,-0.3839080220023611,-0.36867767524845313,-0.3567770402885809,-0.33900832052430163,-0.3150718439143766,-0.26545385474023736,-0.22660876023693519,-0.19910999334174506,-0.19667077967701926,-0.19975585989085307,-0.1823357094098831,-0.1555310091500138,-0.11487504738400706,-0.07007324683989463,-0.022057779830641357,0.01497743310733902,0.038488030178474554,0.05284897178546105,0.09998907371204324,0.14968992751132032,0.19586802943546355,0.23311401612528393,0.2670862140983664,0.2783085027769616,0.30558939224931286,0.33613476841778844,0.3493819684435118,0.35025963826406775,0.3391815629005026,0.32946076465137425,0.3180529037448322,0.3064212973228766
56,0.1946852216184138,0.18618536400790883,0.17479030689082975,0.16498996768670807,0.1513670937272383,0.12560388895769795,0.10085509384367808,0.07164168334042521,0.04090835239373603,0.00800606485660277,-0.01089347076453819,-0.03649986842112143,-0.056031041051248655,-0.07583257237216243,-0.11010386096238484,-0.15099083363350693,-0.16892630468374822,-0.16820334701280526,-0.17189815477873163,-0.18076947182216374,-0.19739549803583217,-0.2079028070697167,-0.23097248506529547,-0.24023370069548883,-0.254873508304259,-0.2727440272371436,-0.29653840651960656,-0.3185408088092344,-0.3237511420159611,-0.33293929913470394,-0.3443977580276075,-0.34852201775419034,-0.369078994979042,-0.38128371582512016,-0.38414232503110735,-0.37371223158544536,-0.37043985728035894,-0.3613340392201624,-0.3492145635092848,-0.32466423347394935,-0.2977160910452006,-0.27624034726186836,-0.23829078400070428,-0.21301362514918643,-0.19509977171535975,-0.17229338277835154,-0.14282287069895533,-0.14232448532365263,-0.13754742003907502,-0.11540354513909407,-0.09725192720630178,-0.07813065331389049,-0.06005701718649137,-0.0363136047459085,-0.020559971111285286,-0.006764960224378876,0.006131355210389454,0.01676865796794052,0.018617935021353373,0.025593667879466646,0.03813913706220126,0.05472968972506219,0.038279212055991205,0.05308278383014896,0.07670210898338402,0.10387278667265389,0.12336794399925907,0.14352703814475606,0.1513305180010823,0.13822124566417493,0.10146547568138727,0.07517490826413395,0.05779367955363303,0.04711668069810956,0.030185285193157364,0.012935832561334964,-0.00335186227604892,-0.01229397312931222,-0.033579702208004415,-0.058184382205915985,-0.09208407527218902,-0.12308210208771903,-0.1470348592651426,-0.1646946994199512,-0.17570079355615714,-0.1842201148831131,-0.1958073202352453,-0.2049527326763341,-0.2006630860641431,-0.20717276371955726,-0.19585240109534613,-0.1810512107568895,-0.16357893072528626,-0.1397415737581894,-0.10817655996175438,-0.08668528805236721,-0.06878163193498739,-0.06374095023402797,-0.05971189229771845,-0.050951367872176044,-0.033531102162217115,-0.004413982277844363,0.026593192464284102,0.04929277696656727,0.0713820327970655,0.09352770793499483,0.1317462559672471,0.1597881495537812,0.17844471515727747,0.19139359225514763,0.2034280231101319,0.2114644281164217,0.20400495156435658,0.1953401324598245,0.19266454656295448,0.18846468504228628,0.1795796361106935,0.17364536788410434,0.17240135938311488,0.20509955407905803
57,0.15046888912821393,0.14233745426300934,0.13590772512827146,0.13321126176396733,0.1292033885963463,0.12043220262969413,0.10978490688962803,0.09390407060290829,0.07591410239630926,0.05563108250338682,0.03281629955058549,0.008398190716260799,-0.013527231424020247,-0.0401826467991342,-0.05796980271111489,-0.07693904203027942,-0.10145086423649313,-0.1243855970138488,-0.14161708300763867,-0.16412740380151633,-0.17756547776981776,-0.18825195858097032,-0.19064035320017098,-0.19270090491766573,-0.19380005472292722,-0.19907350774412283,-0.19900502488904853,-0.1946138647662646,-0.19063419065514167,-0.18746520454213073,-0.19279651825052704,-0.20875301151161318,-0.22307939159231138,-0.23742861729163497,-0.2479261712217873,-0.2583233276930247,-0.26256355004044757,-0.25767945605400916,-0.25909740308928586,-0.260696785961372,-0.25114626766272574,-0.23796580104575962,-0.2246625230503225,-0.2129328071907843,-0.1937816291750156,-0.16822777747714537,-0.1446645441841462,-0.12910646069096585,-0.10181693389255214,-0.09155382157223323,-0.07662309351169688,-0.06270346637862978,-0.0742276544074025,-0.0602675528644212,-0.04848487884017996,-0.03415368866232624,-0.015359545744964235,-0.0033084627899459865,0.00574668816616593,0.016363151149925315,0.02494057438165113,0.03828382832922136,0.05100008015089666,0.02261052102671481,0.030296698191700448,0.03750642735118062,0.049022774273275165,0.058227491403914686,0.06474627445932286,0.06721973837779473,0.0700166582956149,0.0740415218870092,0.07783988434485177,0.07214876271119994,0.05812392439034304,0.037056829986264576,0.016232199902042402,-0.0032715130354867865,-0.02335651773740821,-0.03525142474055078,-0.04244556738770448,-0.04299623668223223,-0.042530975085771576,-0.04462463840903893,-0.04360838844326458,-0.044397935446220935,-0.048711077772034664,-0.05477076971792512,-0.060662203838381334,-0.06381268545881065,-0.06089727125521151,-0.057026920353424805,-0.04529278680476116,-0.030511761328668598,-0.00880236818076206,0.01817997131991545,0.04732571667593832,0.07454931826549714,0.09627902385046971,0.11121446940114971,0.12478930721619902,0.1369605347668055,0.15550765453531912,0.17305013021910906,0.18805496074035558,0.19941109411581356,0.20547942989194795,0.17868638464881692,0.17456235916014182,0.17047934071017004,0.16139705093016252,0.15043593021476886,0.1450353242321983,0.13883060599716374,0.132295430010968,0.12717974830864617,0.12562416683167105,0.12598415321170284,0.16012118633690905,0.15647556027923099
58,0.12357993150720588,0.11737364459948964,0.11083075556167447,0.10173407629313946,0.09288225012019476,0.08377127528341652,0.07385594066337255,0.06408595939183712,0.053990386904514694,0.04394190291279563,0.034064828573835394,0.025836015252347716,0.019106817127663857,0.011695931553041456,0.004327429309600211,-0.005353088243473696,-0.012904813107296298,-0.02243289461419382,-0.03123563775316559,-0.04079661097449812,-0.04640866114138985,-0.05111043284782907,-0.054865850991015146,-0.05790976247345314,-0.05999927846314737,-0.06179446178346668,-0.0631604202517176,-0.0644852399105213,-0.06428572057823277,-0.06668581128386888,-0.07023014618706291,-0.07773673394264832,-0.08483648932018349,-0.08881796138431852,-0.09507298762645514,-0.10165119697048487,-0.10704922901357616,-0.11028763638122055,-0.111754661157201,-0.11392039323119389,-0.1154283107126205,-0.1166650247277265,-0.11642133449261753,-0.11589074992497155,-0.11415460116054142,-0.11146149354914005,-0.10977380748138396,-0.10812382818547424,-0.10520321845999492,-0.10139214256404494,-0.09551613942091641,-0.08916958290325698,-0.08299734366762015,-0.07739963108133897,-0.07186227294587835,-0.06693594372606422,-0.06103178839248523,-0.05475064705818433,-0.04806564566230955,-0.043830235865316834,-0.039705827197079366,-0.03290650753849524,-0.026008460141789758,-0.019193269324018377,-0.013120596251370895,-0.03975700942086463,-0.03599428354536573,-0.032048021236203345,-0.027114714002900834,-0.02170658343048189,-0.016071258403430898,-0.009637997507643612,-0.0035815902819027893,-9.181763186120712e-05,0.003053868365310443,0.006427528397405919,0.009370540405784996,0.014789508165152563,0.020742749251301273,0.026381270129928566,0.03177385494353616,0.03777468373529891,0.041996068325826884,0.046112323535573874,0.048315762679284,0.05078815454087003,0.05286911638791934,0.05419206764219782,0.05397836439141894,0.055290192912904546,0.05567814716107335,0.05795532548018141,0.062286197457836194,0.06634101187495703,0.07041092432140603,0.07614146757732645,0.08359931181571106,0.09024424861729932,0.09610075429811958,0.10148820056255987,0.10768346247958901,0.11626606574906,0.12507148450189517,0.13211384914589908,0.1378691212016707,0.1426064855843569,0.14466244393716432,0.14540781391521762,0.14329914613664682,0.13840728627914506,0.13345124806509673,0.1317257110125982,0.13065527804580138,0.1293046092840776,0.12751499196743693,0.12521265133648696,0.15494363770692454,0.14832571276896292,0.14068327490696114,0.13244213400958374
59,0.02198424488470957,0.02198424488470957,0.02198424488470957,0.02198424488470957,0.02198424488470957,0.02198424488470957,0.02198424488470957,0.02198424488470957,0.02198424488470957,0.02198424488470957,0.02198424488470957,0.02198424488470957,0.02198424488470957,0.02198424488470957,0.02198424488470957,0.02198424488470957,0.02198424488470957,0.02198424488470957,0.02198424488470957,0.02198424488470957,0.02198424488470957,0.02198424488470957,0.02198424488470957,0.02198424488470957,0.02198424488470957,0.02198424488470957,0.02198424488470957,0.02198424488470957,0.02198424488470957,0.02198424488470957,0.02198424488470957,0.02198424488470957,0.02198424488470957,0.02198424488470957,0.02198424488470957,0.02198424488470957,0.02198424488470957,0.02198424488470957,0.02198424488470957,0.02198424488470957,0.02198424488470957,0.02198424488470957,0.02198424488470957,0.02198424488470957,0.02198424488470957,0.02198424488470957,0.02198424488470957,0.02198424488470957,0.02198424488470957,0.021985037850481035,0.021985037850481035,0.021985037850481035,0.021984640948448313,0.021984640948448313,0.021984640948448313,0.021984640948448313,0.021984640948448313,0.021984640948448313,0.021984640948448313,0.021984640948448313,0.021984640948448313,0.021984640948448313,0.021984640948448313,0.021984640948448313,0.021984640948448313,0.021984640948448313,0.021984640948448313,0.021984640948448313,0.021984640948448313,0.021985037850481035,0.021985037850481035,0.021985037850481035,0.02198424488470957,0.02198424488470957,0.021984145582397124,0.021984145582397124,0.021984145582397124,0.021984145582397124,0.021984145582397124,0.021984145582397124,0.021984145582397124,0.021984145582397124,0.021984145582397124,0.021984145582397124,0.021984145582397124,0.021984145582397124,0.021984145582397124,0.021984145582397124,0.021984145582397124,0.021984145582397124,0.021984145582397124,0.021984145582397124,0.021984145582397124,0.021984145582397124,0.021984145582397124,0.021984145582397124,0.021984145582397124,0.021984145582397124,0.021984145582397124,0.021984145582397124,0.021984145582397124,0.021984145582397124,0.021984145582397124,0.021984145582397124,0.021984145582397124,0.021984145582397124,0.021984145582397124,0.02198424488470957,0.02198424488470957,0.02198424488470957,0.02198424488470957,0.02198424488470957,0.02198424488470957,0.02198424488470957,0.02198424488470957,0.02198424488470957,0.02198424488470957,0.02198424488470957,0.02198424488470957,0.02198424488470957
