1.7524490356445, 1.7524490356445, 1.7524490356445, 1.7524490356445, 1.7524490356445, 1.7524490356445, 1.7524490356445, 1.7524490356445, 1.7524490356445, 1.7524490356445, 1.7524490356445, 1.7524490356445, 1.7524490356445, 1.7524490356445, 1.7524490356445, 1.7524490356445, 1.7524490356445, 1.7524490356445, 1.7524490356445, 1.7524490356445, 1.7524490356445, 1.7524490356445, 1.7524490356445, 1.7524490356445, 1.7524490356445, 1.7524490356445, 1.7524490356445, 1.7524490356445, 1.7524490356445, 1.7524490356445, 1.7524490356445, 1.7524490356445, 1.7524490356445, 1.7524490356445, 1.7524490356445, 1.7524490356445, 1.7524490356445, 1.7524490356445, 1.7524490356445, 1.7524490356445, 1.7524490356445, 1.7524490356445, 1.7524490356445, 1.7524490356445, 1.7524490356445, 1.7524490356445, 1.7524490356445, 1.7524490356445, 1.7524490356445, 1.7524490356445, 1.7524490356445, 1.7524490356445, 1.7524490356445, 1.7524490356445, 1.7524490356445, 1.7524490356445, 1.7524490356445, 1.7524490356445, 1.7524490356445, 1.7524490356445, 1.7524490356445, 1.7524490356445, 1.7524490356445, 1.7524490356445, 1.7524490356445, 1.7524490356445, 1.7524490356445, 1.7524490356445, 1.7524490356445, 1.7524490356445, 1.7524490356445, 1.7524490356445, 1.7524490356445, 1.7524490356445, 1.7524490356445, 1.7524490356445, 1.7524490356445, 1.7524490356445, 1.7524490356445, 1.7524490356445, 1.7524490356445, 1.7524490356445, 1.7524490356445, 1.7524490356445, 1.7524490356445, 1.7524490356445, 1.7524490356445, 1.7524490356445, 1.7524490356445, 1.7524490356445, 1.7524490356445, 1.7524490356445, 1.7524490356445, 1.7524490356445, 1.7524490356445, 1.7524490356445, 1.7524490356445, 1.7524490356445, 1.7524490356445, 1.7524490356445, 1.7524490356445, 1.7524490356445, 1.7524490356445, 1.7524490356445, 1.7524490356445, 1.7524490356445, 1.7524490356445, 1.7524490356445, 1.7524490356445, 1.7524490356445, 1.7524490356445, 1.7524490356445, 1.7524490356445, 1.7524490356445, 1.7524490356445, 1.7524490356445, 1.7524490356445, 1.7524490356445, 1.7524490356445, 1.7524490356445
1.7522698640823, 1.7522698640823, 1.7522774934769, 1.7522889375687, 1.7523118257523, 1.7523386478424, 1.7523767948151, 1.7524188756943, 1.7524724006653, 1.7525296211243, 1.7525945901871, 1.7526671886444, 1.752747297287, 1.7528314590454, 1.7529231309891, 1.7530224323273, 1.7531255483627, 1.7532324790955, 1.753347158432, 1.7534655332565, 1.7535916566849, 1.7537176609039, 1.7538475990295, 1.7539812326431, 1.7541188001633, 1.7542601823807, 1.7544014453888, 1.7545466423035, 1.7546918392181, 1.7548140287399, 1.7548294067383, 1.7548407316208, 1.7548561096191, 1.7548675537109, 1.7548828125, 1.7548980712891, 1.7549096345902, 1.7549248933792, 1.7549401521683, 1.7549554109573, 1.7549668550491, 1.7549821138382, 1.7549973726273, 1.7550203800201, 1.7550394535065, 1.7550624608993, 1.755085349083, 1.7551044225693, 1.7551234960556, 1.7551425695419, 1.7551617622375, 1.7551808357239, 1.7551960945129, 1.7552151679993, 1.7552305459976, 1.7552418708801, 1.7552572488785, 1.755268573761, 1.7552801370621, 1.7552915811539, 1.7553030252457, 1.7553106546402, 1.7553182840347, 1.755322098732, 1.7553260326386, 1.7553298473358, 1.7553336620331, 1.7553336620331, 1.7553336620331, 1.7553336620331, 1.7553298473358, 1.7553260326386, 1.7553222179413, 1.7553182840347, 1.7553106546402, 1.7553030252457, 1.7552915811539, 1.7552801370621, 1.7552647590637, 1.7551654577255, 1.7550699710846, 1.7549821138382, 1.7548980712891, 1.754825592041, 1.7547568082809, 1.7546918392181, 1.7546383142471, 1.7545925378799, 1.7545504570007, 1.7545161247253, 1.7544932365418, 1.7544740438461, 1.7542601823807, 1.7540767192841, 1.7539659738541, 1.7538666725159, 1.7537788152695, 1.7537062168121, 1.7536450624466, 1.7535916566849, 1.7535573244095, 1.7535305023193, 1.7535189390183, 1.753400683403, 1.7532823085785, 1.7531714439392, 1.7530683279038, 1.752965092659, 1.7528734207153, 1.7527855634689, 1.7527015209198, 1.7526251077652, 1.7525601387024, 1.7524952888489, 1.7524417638779, 1.7523959875107, 1.7523539066315, 1.7523233890533, 1.7522965669632, 1.7522813081741
1.7569283246994, 1.7569321393967, 1.756947517395, 1.7569781541824, 1.7570241689682, 1.7570856809616, 1.7571585178375, 1.7572467327118, 1.7573503255844, 1.7574653625488, 1.7575957775116, 1.7577415704727, 1.7578951120377, 1.7580639123917, 1.7582441568375, 1.7584360837936, 1.758639216423, 1.7588503360748, 1.7590767145157, 1.7593183517456, 1.7595639228821, 1.7598209381104, 1.7600817680359, 1.7603542804718, 1.7606304883957, 1.7609143257141, 1.7611982822418, 1.7614898681641, 1.7617851495743, 1.7620805501938, 1.7622148990631, 1.7622417211533, 1.76227247715, 1.7622991800308, 1.7623261213303, 1.762356877327, 1.7623836994171, 1.7624143362045, 1.7624411582947, 1.7624719142914, 1.7625064849854, 1.7625524997711, 1.7625985145569, 1.7626446485519, 1.7626868486404, 1.7627290487289, 1.7627749443054, 1.7628133296967, 1.7628555297852, 1.7628939151764, 1.7629323005676, 1.7629668712616, 1.7630013227463, 1.7630358934402, 1.7630665302277, 1.7630972862244, 1.7631241083145, 1.7631471157074, 1.7631701231003, 1.7631932497025, 1.7632124423981, 1.7632277011871, 1.7632430791855, 1.7632546424866, 1.7632660865784, 1.7632737159729, 1.7632775306702, 1.7632775306702, 1.7632546424866, 1.7629705667496, 1.7626905441284, 1.7624144554138, 1.7621458768845, 1.7618887424469, 1.7616355419159, 1.7613900899887, 1.7611560821533, 1.7609335184097, 1.76071870327, 1.7605191469193, 1.7603273391724, 1.7601509094238, 1.7599859237671, 1.7598323822022, 1.7596943378449, 1.7595678567886, 1.7594603300095, 1.7593643665314, 1.7592839002609, 1.7592185735702, 1.7591650485992, 1.7589079141617, 1.7583899497986, 1.7578911781311, 1.7574155330658, 1.7570395469666, 1.7568669319153, 1.7567172050476, 1.7565906047821, 1.756490945816, 1.7564141750336, 1.7563643455505, 1.7563413381577, 1.7563413381577, 1.7563681602478, 1.7564179897308, 1.7564947605133, 1.7565983533859, 1.7567249536514, 1.7568745613098, 1.7570509910584, 1.7572467327118, 1.7574692964554, 1.7573657035828, 1.7572581768036, 1.7571623325348, 1.757081747055, 1.7570165395737, 1.7569705247879, 1.7569435834885
1.7621313333511, 1.7621622085571, 1.7622587680817, 1.7624249458313, 1.7626569271088, 1.7629582881927, 1.7633253335953, 1.7637618780136, 1.7642602920532, 1.7648205757141, 1.7654464244843, 1.7661303281784, 1.7668722867966, 1.7676721811295, 1.7685260772705, 1.7690168619156, 1.7693220376968, 1.769646525383, 1.7699826955795, 1.7703305482864, 1.7706936597824, 1.7710685729981, 1.7714549303055, 1.771852850914, 1.7722547054291, 1.7726681232452, 1.7730932235718, 1.7735375165939, 1.7739819288254, 1.7744301557541, 1.7747198343277, 1.7747585773468, 1.7748010158539, 1.7748435735702, 1.7748861312866, 1.774932384491, 1.7749748229981, 1.7750174999237, 1.7750637531281, 1.7751101255417, 1.7751797437668, 1.7752492427826, 1.7753187417984, 1.7753883600235, 1.775454044342, 1.7753883600235, 1.7752106189728, 1.7750444412231, 1.7748899459839, 1.7747507095337, 1.7746232748032, 1.7745074033737, 1.7744107246399, 1.7743219137192, 1.7742524147034, 1.7741981744766, 1.7741557359695, 1.7741286754608, 1.7741171121597, 1.7741210460663, 1.7741402387619, 1.7741750478745, 1.7742252349854, 1.7742871046066, 1.7743681669235, 1.7744609117508, 1.7741094827652, 1.7736921310425, 1.7732979059219, 1.7729309797287, 1.7725870609283, 1.772274017334, 1.772003531456, 1.7719918489456, 1.7720152139664, 1.7720807790756, 1.7719802856445, 1.7716287374497, 1.7712926864624, 1.7709718942642, 1.7706705331802, 1.7703845500946, 1.7701295614243, 1.7699016332626, 1.7696928977966, 1.7695035934448, 1.7693375349045, 1.7691906690598, 1.7690670490265, 1.7689703702927, 1.768893122673, 1.768340587616, 1.7675602436066, 1.7668104171753, 1.7660880088806, 1.7654000520706, 1.7649751901627, 1.7647510766983, 1.7645616531372, 1.764407157898, 1.7642951011658, 1.7642178535461, 1.7641792297363, 1.7641830444336, 1.7642216682434, 1.7642990350723, 1.7635918855667, 1.7623128890991, 1.7611615657806, 1.7604775428772, 1.7607171535492, 1.7610493898392, 1.7614667415619, 1.7619690895081, 1.7625601291657, 1.7630161046982, 1.7627031803131, 1.7624597549439, 1.7622820138931, 1.7621737718582
1.7712988853455, 1.7713496685028, 1.7714902162552, 1.7717205286026, 1.7720404863358, 1.7724503278732, 1.7729460000992, 1.7735314369202, 1.7741988897324, 1.7749520540237, 1.7757872343063, 1.7767004966736, 1.7776880264282, 1.7787573337555, 1.7798931598663, 1.781103014946, 1.7823909521103, 1.7837452888489, 1.7851582765579, 1.7865945100784, 1.7870862483978, 1.7875936031342, 1.7881165742874, 1.7886513471603, 1.7892014980316, 1.7897596359253, 1.7903256416321, 1.7909030914307, 1.7914808988571, 1.7920739650726, 1.7925189733505, 1.7925736904144, 1.7926321029663, 1.7926869392395, 1.7927453517914, 1.7928040027618, 1.792862534523, 1.7929247617722, 1.7929834127426, 1.7930653095245, 1.7931590080261, 1.7929600477219, 1.7926595211029, 1.7923744916916, 1.7920897006989, 1.7917852401733, 1.7915042638779, 1.7912466526032, 1.7910085916519, 1.7907977104187, 1.7906066179275, 1.7904387712479, 1.7902982234955, 1.7901811599731, 1.7900875806809, 1.7900211811066, 1.7899820804596, 1.7899664640427, 1.7899744510651, 1.7900133132935, 1.7900757789612, 1.7901616096497, 1.7902631759644, 1.7903528213501, 1.7903295755386, 1.7897049188614, 1.78910779953, 1.7885419130325, 1.7880110740662, 1.7875117063522, 1.7870510816574, 1.786625623703, 1.7862392663956, 1.7858918905258, 1.785583615303, 1.7853376865387, 1.7854741811752, 1.7856576442718, 1.7858879566193, 1.7861689329147, 1.7863329648972, 1.7859466075897, 1.785583615303, 1.785248041153, 1.7849396467209, 1.7846586704254, 1.7844089269638, 1.7842136621475, 1.7840497493744, 1.7839169502258, 1.7838116884232, 1.7829607725143, 1.7819069623947, 1.7808922529221, 1.7799165248871, 1.7789876461029, 1.7782227993011, 1.7779183387756, 1.7776645421982, 1.7774577140808, 1.7773054838181, 1.7767200469971, 1.7742066383362, 1.7718492746353, 1.7696442604065, 1.7676030397415, 1.7669081687927, 1.7668769359589, 1.7669628858566, 1.7671698331833, 1.767497420311, 1.7679386138916, 1.7684968709946, 1.7691719532013, 1.7699602842331, 1.77086186409, 1.7718689441681, 1.7717243432999, 1.7714862823486, 1.7713381052017
1.7766095399857, 1.776641368866, 1.7769379615784, 1.7774993181229, 1.7783217430115, 1.7795199155808, 1.7810698747635, 1.7828886508942, 1.7849763631821, 1.7873290777206, 1.7899425029755, 1.7926392555237, 1.7938965559006, 1.795245051384, 1.7966881990433, 1.7982221841812, 1.799835562706, 1.8015319108963, 1.803307056427, 1.8051497936249, 1.80706346035, 1.8090403079987, 1.8100763559341, 1.8105784654617, 1.8111163377762, 1.8116935491562, 1.8123025894165, 1.8129471540451, 1.8136231899261, 1.8143348693848, 1.815003156662, 1.8149793148041, 1.8150861263275, 1.8152204751968, 1.8153785467148, 1.8155605792999, 1.8157662153244, 1.8159955739975, 1.8162486553192, 1.8158886432648, 1.8154183626175, 1.81493973732, 1.814481139183, 1.8140461444855, 1.8136351108551, 1.8132514953613, 1.8128954172134, 1.812563419342, 1.8122628927231, 1.8115947246552, 1.8105944395065, 1.8096927404404, 1.8088862895966, 1.808186173439, 1.8075852394104, 1.8070871829987, 1.8067668676376, 1.8066639900208, 1.8066521883011, 1.8067313432693, 1.8069013357163, 1.8071622848511, 1.8075141906738, 1.807953119278, 1.8071109056473, 1.8063122034073, 1.8056163787842, 1.8050272464752, 1.8045486211777, 1.8046870231628, 1.8050074577332, 1.8055411577225, 1.8058812618256, 1.8054422140122, 1.8050507307053, 1.8047107458115, 1.8044222593308, 1.8043547868729, 1.804647564888, 1.8050035238266, 1.8054187297821, 1.8058969974518, 1.8064306974411, 1.8060669898987, 1.8056716918945, 1.8053119182587, 1.8049914836884, 1.8047068119049, 1.804457783699, 1.8042757511139, 1.8041216135025, 1.8029750585556, 1.8016346693039, 1.8003416061401, 1.799103975296, 1.7979216575623, 1.7968027591705, 1.7964153289795, 1.7960910797119, 1.7935881614685, 1.7900613546372, 1.7867162227631, 1.7835568189621, 1.7805912494659, 1.7791757583618, 1.778835773468, 1.7786461114883, 1.7786066532135, 1.7787172794342, 1.7779026031494, 1.7744152545929, 1.7714416980743, 1.7712639570236, 1.7720903158188, 1.7732170820236, 1.7746405601502, 1.7763605117798, 1.7780884504318, 1.7773331403732, 1.7768388986588
1.7844702005386, 1.7846751213074, 1.7851815223694, 1.7858566045761, 1.7868489027023, 1.7881547212601, 1.7897701263428, 1.7916948795319, 1.7939287424088, 1.7964922189713, 1.7996424436569, 1.8031058311462, 1.8068706989288, 1.8109328746796, 1.8152844905853, 1.8198568820953, 1.8228464126587, 1.8245581388474, 1.8263862133026, 1.8283231258392, 1.8303681612015, 1.8325136899948, 1.8346914052963, 1.8368290662766, 1.8375843763351, 1.83829164505, 1.8390429019928, 1.8398345708847, 1.8406784534454, 1.8416669368744, 1.8426550626755, 1.8425308465958, 1.84248650074, 1.8426511287689, 1.8428441286087, 1.8430690765381, 1.8433222770691, 1.8428159952164, 1.8414978981018, 1.8412249088287, 1.8410201072693, 1.8408795595169, 1.840806722641, 1.8407946825027, 1.8408470153809, 1.8396055698395, 1.8379418849945, 1.8363792896271, 1.8349286317825, 1.8335905075073, 1.8323690891266, 1.8312641382217, 1.8304606676102, 1.8298940658569, 1.8294358253479, 1.8290861845016, 1.8288453817368, 1.8287206888199, 1.8287045955658, 1.8288011550903, 1.8290100097656, 1.829327583313, 1.8297575712204, 1.8294439315796, 1.828339099884, 1.8273626565933, 1.8265110254288, 1.8257954120636, 1.825205206871, 1.8247510194778, 1.8244334459305, 1.8242486715317, 1.8247268199921, 1.8256187438965, 1.8266717195511, 1.8279533386231, 1.8294200897217, 1.8291347026825, 1.8290462493897, 1.8294841051102, 1.8299944400787, 1.8305770158768, 1.8312319517136, 1.8319551944733, 1.8321442604065, 1.8317060470581, 1.8313083648682, 1.8309586048126, 1.8306533098221, 1.8303961753845, 1.8301311731339, 1.828688621521, 1.8270412683487, 1.8254543542862, 1.8239353895187, 1.8224847316742, 1.821106672287, 1.8195116519928, 1.8148105144501, 1.8103142976761, 1.806027173996, 1.8019647598267, 1.7981277704239, 1.7969022989273, 1.796311378479, 1.791091799736, 1.784582734108, 1.7786642313004, 1.7761368751526, 1.7756749391556, 1.775578379631, 1.7758436203003, 1.7764706611633, 1.7774629592895, 1.778813123703, 1.7805247306824, 1.7825937271118, 1.7850127220154, 1.7856556177139, 1.7848602533341
1.7783674001694, 1.7786781787872, 1.7797352075577, 1.7815457582474, 1.7839292287827, 1.7869642972946, 1.7907119989395, 1.7951683998108, 1.8003296852112, 1.8061991930008, 1.8127728700638, 1.8189417123795, 1.823147892952, 1.827944278717, 1.832839012146, 1.8380202054977, 1.843537569046, 1.8490754365921, 1.8544901609421, 1.8569310903549, 1.8593763113022, 1.861940741539, 1.864599108696, 1.8671628236771, 1.8698251247406, 1.8710660934448, 1.8719673156738, 1.8729177713394, 1.874044418335, 1.8752321004868, 1.876559138298, 1.8764154911041, 1.8763010501862, 1.876321554184, 1.8765549659729, 1.8768253326416, 1.8760797977448, 1.8744210004807, 1.872983455658, 1.8726638555527, 1.8724181652069, 1.8722501993179, 1.871316075325, 1.868264913559, 1.8667162656784, 1.8655002117157, 1.8644720315933, 1.8636322021484, 1.863067150116, 1.8615350723267, 1.8602368831634, 1.8570744991302, 1.8542528152466, 1.8517948389053, 1.8496938943863, 1.8479611873627, 1.8465934991836, 1.8456712961197, 1.8451473712921, 1.8449875116348, 1.8451881408691, 1.8457493782043, 1.8466712236404, 1.8458844423294, 1.8451102972031, 1.844709277153, 1.8446884155273, 1.8450407981873, 1.8458395004273, 1.847273349762, 1.8491041660309, 1.850508928299, 1.8504514694214, 1.8505537509918, 1.8513896465302, 1.8528394699097, 1.8544739484787, 1.8562965393066, 1.8587502241135, 1.8599787950516, 1.8574349880218, 1.8533679246902, 1.849853515625, 1.8468923568726, 1.8444918394089, 1.8426448106766, 1.8400967121124, 1.8380082845688, 1.8364635705948, 1.8354523181915, 1.8347107172012, 1.8325319290161, 1.8315366506577, 1.8311102390289, 1.8312456607819, 1.8319462537766, 1.8320566415787, 1.8299802541733, 1.8285422325134, 1.8277393579483, 1.8275716304779, 1.8226852416992, 1.8171105384827, 1.8075258731842, 1.7986172437668, 1.7905647754669, 1.7887505292893, 1.7873331308365, 1.7828072309494, 1.779051065445, 1.7760608196259, 1.7735217809677, 1.7723995447159, 1.7722396850586, 1.7728090286255, 1.7737346887589, 1.7754343748093, 1.7779245376587, 1.7800092697144, 1.7788134813309
1.7760750055313, 1.776405453682, 1.7775492668152, 1.7795094251633, 1.7822825908661, 1.7858686447144, 1.790271282196, 1.7954869270325, 1.8015189170837, 1.8085813522339, 1.8160594701767, 1.8243452310562, 1.8328402042389, 1.8427559137344, 1.8534885644913, 1.861577630043, 1.8680036067963, 1.8748191595077, 1.8817311525345, 1.8884751796722, 1.8947752714157, 1.8977999687195, 1.9009627103806, 1.9040001630783, 1.9071419239044, 1.9103968143463, 1.911607503891, 1.9128139019013, 1.9141708612442, 1.9155745506287, 1.9172748327255, 1.91710293293, 1.9169689416885, 1.9168728590012, 1.9170573949814, 1.916650891304, 1.9146063327789, 1.9126460552216, 1.9110835790634, 1.9107027053833, 1.9101623296738, 1.9061150550842, 1.9022989273071, 1.9000453948975, 1.8984075784683, 1.8969833850861, 1.8957768678665, 1.8928864002228, 1.8894556760788, 1.886786699295, 1.882598400116, 1.8789119720459, 1.8756400346756, 1.8729000091553, 1.8706297874451, 1.8687738180161, 1.8665204048157, 1.8638980388641, 1.8621474504471, 1.861275434494, 1.8612718582153, 1.8621470928192, 1.8634793758392, 1.8628175258636, 1.8630434274674, 1.8636218309402, 1.8641412258148, 1.8647947311401, 1.8656406402588, 1.8669183254242, 1.8686276674271, 1.870801448822, 1.8738262653351, 1.877298951149, 1.8812156915665, 1.8838925361633, 1.8848184347153, 1.8795571327209, 1.8749651908875, 1.8710362911224, 1.8673795461655, 1.8639651536941, 1.8599313497543, 1.8565380573273, 1.8537855148315, 1.8522859811783, 1.8503212928772, 1.8483525514603, 1.8465765714645, 1.8454201221466, 1.8439161777496, 1.8410968780518, 1.8399575948715, 1.8394672870636, 1.8394337892532, 1.8399410247803, 1.8368495702743, 1.8344826698303, 1.8328406810761, 1.8321660757065, 1.83314204216, 1.8256103992462, 1.8188322782516, 1.8130054473877, 1.8053556680679, 1.7976231575012, 1.7907652854919, 1.784670829773, 1.7790157794952, 1.7753076553345, 1.7718812227249, 1.7721829414368, 1.7734397649765, 1.7751659154892, 1.7773609161377, 1.7791072130203, 1.777729511261, 1.7771886587143, 1.7774776220322, 1.7765609025955
1.7788392305374, 1.7788089513779, 1.7797510623932, 1.7816723585129, 1.7845697402954, 1.7884434461594, 1.7933008670807, 1.7991390228272, 1.805961728096, 1.8137767314911, 1.8225811719894, 1.8323918581009, 1.8433108329773, 1.8547331094742, 1.8664220571518, 1.879633307457, 1.8929557800293, 1.9064453840256, 1.9147508144379, 1.9230185747147, 1.9312074184418, 1.9395695924759, 1.9443664550781, 1.9479565620422, 1.951627612114, 1.95543217659, 1.9586392641068, 1.9601442813873, 1.9617342948914, 1.9633811712265, 1.9653202295303, 1.9652857780457, 1.9651305675507, 1.9650189876556, 1.9650406837463, 1.9628137350082, 1.9604194164276, 1.9581278562546, 1.9564253091812, 1.954017996788, 1.9490483999252, 1.944344997406, 1.94082903862, 1.9386832714081, 1.935467839241, 1.9288215637207, 1.9233710765839, 1.9192950725555, 1.915722489357, 1.9126576185226, 1.9071288108826, 1.8991500139236, 1.8913222551346, 1.8844783306122, 1.8785709142685, 1.873640537262, 1.8696978092194, 1.8665897846222, 1.8644877672195, 1.8633915185928, 1.8633008003235, 1.8642122745514, 1.8651279211044, 1.8649518489838, 1.8657900094986, 1.8676389455795, 1.8702781200409, 1.8731762170792, 1.8769723176956, 1.8816664218903, 1.887358546257, 1.8939610719681, 1.8986641168594, 1.9036259651184, 1.9045027494431, 1.9001092910767, 1.8966143131256, 1.8934500217438, 1.8895379304886, 1.8850885629654, 1.8814002275467, 1.8778140544891, 1.8752351999283, 1.8716158866882, 1.8684945106506, 1.867294549942, 1.8651195764542, 1.8636111021042, 1.8621106147766, 1.860799074173, 1.8584903478622, 1.8550382852554, 1.8537319898605, 1.8530138731003, 1.852902173996, 1.8504046201706, 1.8469178676605, 1.8447600603104, 1.8443557024002, 1.8442739248276, 1.8345537185669, 1.8259128332138, 1.8178571462631, 1.8109010457993, 1.8050371408463, 1.801035284996, 1.7944014072418, 1.7931418418884, 1.7924200296402, 1.7922394275665, 1.7925999164581, 1.7934983968735, 1.7920503616333, 1.7877123355866, 1.7843075990677, 1.7818356752396, 1.7802965641022, 1.7796865701675, 1.7800127267838, 1.7798452377319
1.7990343570709, 1.7974931001663, 1.7966431379318, 1.7964881658554, 1.7981219291687, 1.8014553785324, 1.8056536912918, 1.8107268810272, 1.8166652917862, 1.8234788179398, 1.8329062461853, 1.8438421487808, 1.8559033870697, 1.8691020011902, 1.8836961984634, 1.8996663093567, 1.915318608284, 1.9328210353851, 1.9493491649628, 1.9643068313599, 1.9739367961884, 1.983788728714, 1.9937818050384, 1.9920415878296, 1.9897168874741, 1.9883885383606, 1.9880564212799, 1.991806268692, 1.9914569854736, 1.9919308423996, 1.9959248304367, 1.9968763589859, 1.9977085590363, 1.9992723464966, 2.0001800060272, 2.0007946491241, 2.002180814743, 2.0043411254883, 2.0052409172058, 2.0010600090027, 1.9953223466873, 1.9899027347565, 1.9855545759201, 1.9767264127731, 1.9685262441635, 1.962265253067, 1.9570447206497, 1.9460951089859, 1.9354506731033, 1.9255468845367, 1.9172359704971, 1.9100579023361, 1.9016993045807, 1.8934142589569, 1.8863078355789, 1.8803755044937, 1.8756152391434, 1.8719847202301, 1.869372844696, 1.8679422140122, 1.8676857948303, 1.8686102628708, 1.8693234920502, 1.8697181940079, 1.871298789978, 1.8740657567978, 1.8776437044144, 1.8818711042404, 1.8872114419937, 1.8936717510223, 1.9013220071793, 1.9087607860565, 1.9170229434967, 1.9161238670349, 1.9154646396637, 1.9131354093552, 1.9097174406052, 1.9068177938461, 1.9048602581024, 1.9024387598038, 1.9006497859955, 1.8973641395569, 1.894202709198, 1.8913424015045, 1.8888367414475, 1.8870780467987, 1.8855460882187, 1.8838502168655, 1.8829650878906, 1.8818142414093, 1.8786618709564, 1.8747823238373, 1.8730651140213, 1.8720773458481, 1.8711346387863, 1.8663121461868, 1.864098906517, 1.8627969026566, 1.8623412847519, 1.8517632484436, 1.8405652046204, 1.8315734863281, 1.8310722112656, 1.8293817043304, 1.8215978145599, 1.8199416399002, 1.8195655345917, 1.8198666572571, 1.8193308115006, 1.8191267251968, 1.8137917518616, 1.8091689348221, 1.8079822063446, 1.8072870969772, 1.8070839643478, 1.806569814682, 1.8046351671219, 1.8033908605576, 1.8028372526169, 1.8012701272965
1.8240151405334, 1.8207565546036, 1.818393945694, 1.8198496103287, 1.8228991031647, 1.8270186185837, 1.8291834592819, 1.8332126140595, 1.8398456573486, 1.8471692800522, 1.8553912639618, 1.8645976781845, 1.8757032155991, 1.888794541359, 1.9047532081604, 1.9221297502518, 1.9412751197815, 1.96180164814, 1.9830785989761, 2.0024058818817, 2.0081236362457, 2.0072903633118, 2.0076696872711, 2.0089194774628, 2.0110850334167, 2.0096065998077, 2.0092360973358, 2.0189170837402, 2.0206613540649, 2.0211927890778, 2.0283894538879, 2.0302789211273, 2.0312135219574, 2.0323812961578, 2.0318732261658, 2.0325634479523, 2.0341203212738, 2.0288600921631, 2.0291574001312, 2.0305125713348, 2.0329253673553, 2.0327508449554, 2.0278487205505, 2.0178282260895, 2.0078802108765, 1.9925361871719, 1.9773970842361, 1.9642177820206, 1.9510346651077, 1.9393428564072, 1.929765701294, 1.9215303659439, 1.9146273136139, 1.9058879613876, 1.8978906869888, 1.8911256790161, 1.8866982460022, 1.8833296298981, 1.8810220956802, 1.8797721862793, 1.8796215057373, 1.8806283473968, 1.8808704614639, 1.8810044527054, 1.882171869278, 1.8844923973084, 1.8878840208054, 1.8933321237564, 1.9003213644028, 1.9082320928574, 1.9166232347488, 1.9247672557831, 1.9255082607269, 1.9276647567749, 1.9278795719147, 1.9284065961838, 1.9273668527603, 1.924363732338, 1.9231830835342, 1.9221895933151, 1.9207111597061, 1.9201663732529, 1.9194287061691, 1.9166009426117, 1.9143440723419, 1.9127641916275, 1.9119027853012, 1.9100036621094, 1.909014582634, 1.9087822437286, 1.9047390222549, 1.9003946781158, 1.8980371952057, 1.8969703912735, 1.8937940597534, 1.8904436826706, 1.8880441188812, 1.8865886926651, 1.8778537511826, 1.868145108223, 1.8661897182465, 1.8649263381958, 1.8583023548126, 1.8540645837784, 1.8513126373291, 1.8501312732697, 1.8497097492218, 1.850048661232, 1.8510057926178, 1.8519494533539, 1.8494901657105, 1.8475823402405, 1.8462357521057, 1.8426194190979, 1.8388937711716, 1.8359450101852, 1.8333493471146, 1.831431388855, 1.8303968906403, 1.8281633853912
1.8520663976669, 1.8475369215012, 1.8446632623673, 1.8432564735413, 1.8433125019074, 1.8448284864426, 1.8476185798645, 1.8509927988052, 1.860829949379, 1.8726440668106, 1.8860019445419, 1.8962681293488, 1.9076492786408, 1.9206078052521, 1.9354538917541, 1.9515070915222, 1.9720225334168, 1.9948673248291, 2.0019860267639, 2.0109777450562, 2.0180158615112, 2.02618932724, 2.0273351669312, 2.0291695594788, 2.0325815677643, 2.0371198654175, 2.0367107391357, 2.0454604625702, 2.0566511154175, 2.0576109886169, 2.0678668022156, 2.0707850456238, 2.071455001831, 2.0722622871399, 2.0705516338348, 2.0699241161346, 2.0611526966095, 2.0592267513275, 2.0595552921295, 2.0558869838715, 2.0560436248779, 2.054949760437, 2.0537672042847, 2.0510432720184, 2.0368196964264, 2.0178248882294, 1.9999465942383, 1.9837806224823, 1.9702273607254, 1.9581980705261, 1.9468313455582, 1.9379540681839, 1.9342654943466, 1.9305596351624, 1.9232792854309, 1.9171870946884, 1.9123969078064, 1.9089179039002, 1.9065891504288, 1.9054101705551, 1.9053772687912, 1.9064939022064, 1.9063745737076, 1.9065328836441, 1.9078489542007, 1.9103237390518, 1.91395008564, 1.9187129735947, 1.9246429204941, 1.9317387342453, 1.938529253006, 1.9358385801315, 1.936643242836, 1.938999414444, 1.9429060220718, 1.946897149086, 1.9485468864441, 1.9479289054871, 1.9458577632904, 1.9450389146805, 1.9464027881622, 1.9458233118057, 1.9464079141617, 1.9468122720718, 1.941575050354, 1.9383953809738, 1.938272356987, 1.9353932142258, 1.9335488080978, 1.9330072402954, 1.9293994903565, 1.9251179695129, 1.9248278141022, 1.9241913557053, 1.9210654497147, 1.9185259342194, 1.9172065258026, 1.9153897762299, 1.9116224050522, 1.9086377620697, 1.9064363241196, 1.9002776145935, 1.894632101059, 1.8902801275253, 1.8881025314331, 1.8859493732452, 1.8820387125015, 1.884667634964, 1.8881554603577, 1.8924993276596, 1.8953067064285, 1.889723777771, 1.8826146125793, 1.8764554262161, 1.8713090419769, 1.8671746253967, 1.8640516996384, 1.8619359731674, 1.8608248233795, 1.8580253124237
1.8734192848206, 1.8682923316956, 1.8639414310455, 1.861240029335, 1.8603239059448, 1.8611950874329, 1.8638514280319, 1.8685252666473, 1.8801553249359, 1.8922842741013, 1.9061888456345, 1.9229921102524, 1.940727353096, 1.9607455730438, 1.9766421318054, 1.9945751428604, 2.0022609233856, 2.0055510997772, 2.012930393219, 2.0228786468506, 2.0347871780395, 2.0436317920685, 2.0525772571564, 2.0552823543549, 2.0588645935059, 2.0648851394653, 2.0708961486816, 2.0786850452423, 2.0957322120666, 2.1046166419983, 2.1150262355804, 2.1190712451935, 2.1189620494842, 2.1187784671783, 2.1155819892883, 2.1043527126312, 2.0974862575531, 2.0936014652252, 2.0870091915131, 2.0875399112701, 2.0848150253296, 2.0829029083252, 2.0833539962769, 2.0751664638519, 2.0619466304779, 2.0467579364777, 2.0270364284515, 2.0097687244415, 1.9909591674805, 1.9808102846146, 1.9740011692047, 1.9685615301132, 1.9633724689484, 1.9585764408112, 1.9510387182236, 1.9419814348221, 1.9347752332687, 1.9294182062149, 1.9258027076721, 1.923854470253, 1.9236705303192, 1.9253059625626, 1.9259907007217, 1.9275515079498, 1.9306871891022, 1.9354009628296, 1.9417972564697, 1.950236082077, 1.9584423303604, 1.9663165807724, 1.9634509086609, 1.9608463048935, 1.9600429534912, 1.9596453905106, 1.9613705873489, 1.9662570953369, 1.9737294912338, 1.9765690565109, 1.9754724502564, 1.9745661020279, 1.9720294475555, 1.970299243927, 1.9665492773056, 1.9644817113876, 1.9648686647415, 1.9606776237488, 1.9642603397369, 1.9636100530624, 1.961578130722, 1.9611320495606, 1.9580608606339, 1.9557505846024, 1.9558557271957, 1.9543740749359, 1.9508104324341, 1.9480053186417, 1.94715487957, 1.9454632997513, 1.9466592073441, 1.9492356777191, 1.9509588479996, 1.9443353414536, 1.9380124807358, 1.9337555170059, 1.9265605211258, 1.9235765933991, 1.9255633354187, 1.9239635467529, 1.9206643104553, 1.9234282970429, 1.9275803565979, 1.929196357727, 1.9211943149567, 1.912734746933, 1.9043358564377, 1.8967787027359, 1.8905807733536, 1.8859320878983, 1.8828258514404, 1.8800995349884
1.8901901245117, 1.8833214044571, 1.878493309021, 1.8756891489029, 1.8748067617416, 1.8755966424942, 1.8784662485123, 1.8859642744064, 1.8979309797287, 1.9119263887405, 1.9290030002594, 1.9496808052063, 1.9705832004547, 1.9932600259781, 2.0174272060394, 2.023122549057, 2.0227162837982, 2.0232207775116, 2.0295193195343, 2.0430121421814, 2.0534670352936, 2.0686175823212, 2.0784902572632, 2.0872957706451, 2.0919940471649, 2.0984487533569, 2.1068058013916, 2.1191110610962, 2.1243076324463, 2.1299197673798, 2.135511636734, 2.1399140357971, 2.1441352367401, 2.1508204936981, 2.1534581184387, 2.1462364196777, 2.1366221904755, 2.1276042461395, 2.1270444393158, 2.1230251789093, 2.1236486434937, 2.1264259815216, 2.1204552650452, 2.1091694831848, 2.0916001796722, 2.0729835033417, 2.0544893741608, 2.0367043018341, 2.0212798118591, 2.0072870254517, 1.9946035146713, 1.9863858222961, 1.9795112609863, 1.974892616272, 1.9707273244858, 1.9605311155319, 1.952158331871, 1.9459109306335, 1.9417586326599, 1.9399409294128, 1.9401843547821, 1.9424501657486, 1.9437789916992, 1.946831703186, 1.9515807628632, 1.9580188989639, 1.9662486314774, 1.9761642217636, 1.9878854751587, 1.9908772706986, 1.9890394210815, 1.9893923997879, 1.9898272752762, 1.9902902841568, 1.9929330348968, 1.9963029623032, 2.0014634132385, 2.0087783336639, 2.0059020519257, 1.9979425668716, 1.9914637804031, 1.9869519472122, 1.9899733066559, 1.9881876707077, 1.9907264709473, 1.9898637533188, 1.9941892623901, 1.9966404438019, 1.9961718320847, 1.9958251714706, 1.9933233261108, 1.9931139945984, 1.9936449527741, 1.991192817688, 1.9872105121613, 1.984553694725, 1.9834476709366, 1.9803224802017, 1.9816417694092, 1.9829293489456, 1.9822286367416, 1.983141541481, 1.9842165708542, 1.976246714592, 1.9698776006699, 1.9608950614929, 1.953491806984, 1.9526610374451, 1.9541767835617, 1.9561237096786, 1.9589941501617, 1.9606466293335, 1.9543838500977, 1.9423867464066, 1.931250333786, 1.9219366312027, 1.9143252372742, 1.9076639413834, 1.902991771698, 1.8991253376007
1.9111404418945, 1.9067267179489, 1.9030396938324, 1.9011541604996, 1.9010671377182, 1.9027787446976, 1.9062939882278, 1.9150650501251, 1.9258110523224, 1.9392776489258, 1.9550687074661, 1.9745299816132, 1.9987370967865, 2.0271501541138, 2.0352821350098, 2.0408747196198, 2.0452160835266, 2.0499804019928, 2.0526735782623, 2.0639500617981, 2.0833010673523, 2.097146987915, 2.1133208274841, 2.1235785484314, 2.1118819713592, 2.1012477874756, 2.0935113430023, 2.0895564556122, 2.092515707016, 2.098268032074, 2.1079523563385, 2.1134688854217, 2.1178171634674, 2.1257653236389, 2.1278390884399, 2.1361458301544, 2.142902135849, 2.1568963527679, 2.1746399402618, 2.1736872196198, 2.176167011261, 2.1750228404999, 2.1691761016846, 2.1478071212769, 2.1212663650513, 2.0993382930756, 2.0797576904297, 2.0621902942658, 2.0440452098846, 2.0293302536011, 2.0172250270844, 2.0065305233002, 1.9982297420502, 1.9935257434845, 1.9891195297241, 1.9794960021973, 1.9708998203278, 1.9646437168121, 1.9606975317001, 1.9590501785278, 1.9596569538116, 1.962100982666, 1.9632893800736, 1.9665734767914, 1.9720435142517, 1.97975730896, 1.9897416830063, 2.0020241737366, 2.0130207538605, 2.0098552703857, 2.0089423656464, 2.0096094608307, 2.0151362419128, 2.0211570262909, 2.0294892787933, 2.0339958667755, 2.0365545749664, 2.0244262218475, 2.0158519744873, 2.016256570816, 2.0170605182648, 2.012172460556, 2.0119495391846, 2.0179643630981, 2.0177946090698, 2.0257568359375, 2.0294032096863, 2.0364239215851, 2.037157535553, 2.0376496315002, 2.0368387699127, 2.0378227233887, 2.038818359375, 2.0353028774262, 2.0308585166931, 2.0307312011719, 2.0257458686829, 2.022293806076, 2.02374792099, 2.0211086273193, 2.0189259052277, 2.0175793170929, 2.0142390727997, 2.0079774856567, 2.0025095939636, 1.9945224523544, 1.9909465312958, 1.9891909360886, 1.9892508983612, 1.9870032072067, 1.9852865934372, 1.9839124679565, 1.984722495079, 1.9698922634125, 1.9557927846909, 1.9440466165543, 1.9346129894257, 1.9274500608444, 1.9225292205811, 1.9177447557449
1.9314432144165, 1.9281235933304, 1.9273120164871, 1.9279216527939, 1.9301055669784, 1.9346071481705, 1.9421720504761, 1.9535937309265, 1.9667096138, 1.9811397790909, 1.9970990419388, 2.015908241272, 2.0378472805023, 2.0450768470764, 2.0525848865509, 2.059907913208, 2.0698225498199, 2.0773711204529, 2.0862462520599, 2.0915875434876, 2.1100375652313, 2.1289248466492, 2.1101307868958, 2.0942935943603, 2.0801990032196, 2.072235584259, 2.0685551166534, 2.0644252300263, 2.0658965110779, 2.0733349323273, 2.0830681324005, 2.0926904678345, 2.0980138778687, 2.1071066856384, 2.1111395359039, 2.1206667423248, 2.1276590824127, 2.1506588459015, 2.1692695617676, 2.1903326511383, 2.2125730514526, 2.2421119213104, 2.2149584293366, 2.1832849979401, 2.1537339687347, 2.1290285587311, 2.1082301139831, 2.0892713069916, 2.0780975818634, 2.064667224884, 2.0534253120422, 2.0413002967834, 2.0285444259644, 2.0199820995331, 2.0144946575165, 2.0080368518829, 1.9994750022888, 1.9932833909988, 1.9894831180573, 1.9879349470139, 1.988630771637, 1.9914351701736, 1.9929797649384, 1.9967765808106, 2.0028467178345, 2.0109202861786, 2.0206787586212, 2.0327162742615, 2.0315551757813, 2.025723695755, 2.0233645439148, 2.028341293335, 2.0363745689392, 2.0437257289887, 2.0547397136688, 2.0585060119629, 2.0516748428345, 2.039986371994, 2.0302712917328, 2.0268363952637, 2.0348999500275, 2.0424456596374, 2.0409045219421, 2.0465247631073, 2.0546696186066, 2.0648951530456, 2.0718624591827, 2.0810689926148, 2.0846593379974, 2.0873084068298, 2.089555978775, 2.09064412117, 2.0914614200592, 2.0874636173248, 2.0850927829742, 2.0823900699616, 2.0759015083313, 2.0720829963684, 2.0695517063141, 2.0638298988342, 2.0598883628845, 2.0533845424652, 2.0442814826965, 2.0365197658539, 2.0309596061706, 2.0350892543793, 2.0330748558044, 2.0288555622101, 2.0221884250641, 2.0162460803986, 2.0116038322449, 2.0067915916443, 2.0039699077606, 1.9946146011352, 1.9789725542068, 1.9658598899841, 1.9553322792053, 1.9467986822128, 1.9407507181168, 1.9372346401215
1.9502223730087, 1.9471542835236, 1.9469509124756, 1.9495700597763, 1.9544258117676, 1.9621013402939, 1.9702150821686, 1.9842442274094, 2.0011372566223, 2.0203082561493, 2.0402162075043, 2.0621023178101, 2.073303937912, 2.0764286518097, 2.0786774158478, 2.0844662189484, 2.0984561443329, 2.1088163852692, 2.1206724643707, 2.1327705383301, 2.1149191856384, 2.094557762146, 2.078311920166, 2.0658853054047, 2.0541915893555, 2.0440957546234, 2.042515039444, 2.0456898212433, 2.0453202724457, 2.054744720459, 2.0647361278534, 2.0780823230743, 2.0844326019287, 2.0941746234894, 2.1052453517914, 2.1113486289978, 2.1273221969605, 2.1505379676819, 2.1693534851074, 2.1936202049255, 2.2087914943695, 2.2263293266296, 2.2472329139709, 2.2230870723724, 2.1941516399384, 2.1681015491486, 2.1453514099121, 2.1329827308655, 2.1226408481598, 2.1081125736237, 2.0890038013458, 2.075261592865, 2.0625350475311, 2.0532023906708, 2.0474810600281, 2.0434789657593, 2.0339233875275, 2.0266082286835, 2.0220112800598, 2.0201094150543, 2.0207777023315, 2.0237345695496, 2.0253415107727, 2.0296790599823, 2.0367336273193, 2.0461332798004, 2.0584156513214, 2.0704126358032, 2.0599975585938, 2.0546910762787, 2.0503485202789, 2.0481858253479, 2.0501439571381, 2.0618081092834, 2.0704112052917, 2.062153339386, 2.0550482273102, 2.0501353740692, 2.0509815216065, 2.0438475608826, 2.0479316711426, 2.0620958805084, 2.0741317272186, 2.0813505649567, 2.0916078090668, 2.1026158332825, 2.1145994663238, 2.1214816570282, 2.1267809867859, 2.1302442550659, 2.1336994171143, 2.1351752281189, 2.1363973617554, 2.1327223777771, 2.1332783699036, 2.1296534538269, 2.1297447681427, 2.1290652751923, 2.1196575164795, 2.112410068512, 2.1035356521606, 2.091160774231, 2.0759670734406, 2.0662961006165, 2.0682756900787, 2.0725049972534, 2.0732142925263, 2.066680431366, 2.0560781955719, 2.0464930534363, 2.0374066829681, 2.0307335853577, 2.0265221595764, 2.0239946842194, 2.0052649974823, 1.9896559715271, 1.9770205020905, 1.9670433998108, 1.9600081443787, 1.9558719396591
1.9703319072723, 1.9677437543869, 1.9683092832565, 1.9720327854157, 1.9786734580994, 1.9874436855316, 1.9966830015183, 2.0089004039764, 2.0263750553131, 2.048508644104, 2.0744740962982, 2.1010174751282, 2.1046273708344, 2.1030523777008, 2.1038773059845, 2.1165060997009, 2.1307883262634, 2.147341966629, 2.1563930511475, 2.1211066246033, 2.0909471511841, 2.0635936260223, 2.0505902767181, 2.0386898517609, 2.0319633483887, 2.0242881774902, 2.0200219154358, 2.022575378418, 2.0326237678528, 2.0372500419617, 2.0524933338165, 2.0694990158081, 2.0768721103668, 2.087278842926, 2.1042106151581, 2.1080632209778, 2.1337609291077, 2.1565268039703, 2.17560505867, 2.1971499919891, 2.211279630661, 2.2327604293823, 2.2450988292694, 2.2608022689819, 2.2395920753479, 2.2151262760162, 2.1892583370209, 2.1691162586212, 2.152153968811, 2.1409213542938, 2.1244723796845, 2.1072955131531, 2.093691110611, 2.0850796699524, 2.0780355930328, 2.0732090473175, 2.0629487037659, 2.0541956424713, 2.0495665073395, 2.0479633808136, 2.0493814945221, 2.0532202720642, 2.0564429759979, 2.0627102851868, 2.0720660686493, 2.0852763652802, 2.1008238792419, 2.0989239215851, 2.0824019908905, 2.0735757350922, 2.0720415115356, 2.0706119537353, 2.0749616622925, 2.0826649665833, 2.0705156326294, 2.0622706413269, 2.0567448139191, 2.0572535991669, 2.0584967136383, 2.0627744197845, 2.0658638477325, 2.0800178050995, 2.1003777980804, 2.1133151054382, 2.1216242313385, 2.130152463913, 2.149097442627, 2.1656832695007, 2.1746697425842, 2.1785614490509, 2.1855895519257, 2.187358379364, 2.187340259552, 2.1798145771027, 2.1779582500458, 2.171626329422, 2.1717247962952, 2.1660892963409, 2.1654191017151, 2.1659455299377, 2.1496303081513, 2.1273460388184, 2.1114888191223, 2.1105315685272, 2.0995304584503, 2.0994119644165, 2.1007099151611, 2.1040647029877, 2.0917389392853, 2.0778403282166, 2.0708801746368, 2.0669047832489, 2.0553143024445, 2.0458042621613, 2.0292751789093, 2.0120525360107, 1.998188495636, 1.9875227212906, 1.9800751209259, 1.9756073951721
1.9919596910477, 1.9893020391464, 1.99001121521, 1.9940371513367, 2.0013489723206, 2.0110650062561, 2.0198540687561, 2.0322413444519, 2.0520889759064, 2.0755124092102, 2.1019558906555, 2.1161041259766, 2.1273562908173, 2.1425311565399, 2.1461000442505, 2.1474814414978, 2.1584320068359, 2.1698989868164, 2.1352455615997, 2.1005375385284, 2.0709073543549, 2.0454797744751, 2.0230672359467, 2.015451669693, 2.0096299648285, 2.0075929164887, 2.0041856765747, 2.0089504718781, 2.0179903507233, 2.0294864177704, 2.046147108078, 2.0622987747192, 2.075229883194, 2.0863234996796, 2.107010602951, 2.118729352951, 2.1453311443329, 2.1683437824249, 2.1904013156891, 2.2053239345551, 2.2238066196442, 2.2374439239502, 2.2529463768005, 2.2639155387878, 2.2767038345337, 2.2515587806702, 2.2224605083466, 2.2021248340607, 2.1849496364594, 2.170259475708, 2.160647392273, 2.1427276134491, 2.1262519359589, 2.112939119339, 2.1031792163849, 2.0979659557342, 2.0914082527161, 2.0819280147552, 2.0761437416077, 2.0736575126648, 2.0749635696411, 2.0791535377502, 2.0830562114716, 2.0907926559448, 2.1011373996735, 2.1145067214966, 2.1323189735413, 2.1215178966522, 2.1083145141602, 2.0987575054169, 2.0941188335419, 2.0895280838013, 2.0953047275543, 2.0892927646637, 2.0761227607727, 2.0660429000855, 2.0608260631561, 2.0612511634827, 2.0646045207977, 2.0732519626617, 2.0830719470978, 2.1006269454956, 2.1205599308014, 2.1395180225372, 2.1559891700745, 2.1659564971924, 2.1861565113068, 2.2112214565277, 2.2294297218323, 2.2359104156494, 2.246440410614, 2.2486865520477, 2.2472982406616, 2.2358837127685, 2.2298109531403, 2.2217137813568, 2.2129137516022, 2.2075521945953, 2.2010793685913, 2.1960964202881, 2.1843266487122, 2.1681199073791, 2.1524481773377, 2.1388719081879, 2.1326308250427, 2.1296038627624, 2.1288557052612, 2.1316885948181, 2.1388022899628, 2.1293361186981, 2.1119518280029, 2.094584941864, 2.0805594921112, 2.0696814060211, 2.0560564994812, 2.0367612838745, 2.0212225914002, 2.0097045898438, 2.0017800331116, 1.9972739219666
2.0157668590546, 2.0125036239624, 2.0132868289948, 2.0178248882294, 2.0261602401733, 2.0359687805176, 2.0461626052856, 2.0602335929871, 2.0783023834228, 2.0992112159729, 2.1273608207703, 2.140118598938, 2.1519572734833, 2.1671957969666, 2.1856172084808, 2.2005460262299, 2.1979496479034, 2.1501755714416, 2.1150748729706, 2.0857682228088, 2.0552263259888, 2.0304172039032, 2.0103139877319, 1.9935013055801, 1.9901472330093, 1.9908835887909, 1.9936827421188, 1.9939352273941, 2.0086894035339, 2.0252089500427, 2.0391159057617, 2.0609571933746, 2.0794789791107, 2.0943355560303, 2.1155841350555, 2.1365120410919, 2.1629726886749, 2.1863117218018, 2.2088758945465, 2.2230832576752, 2.2397534847259, 2.2548344135284, 2.2644097805023, 2.2709739208221, 2.2808504104614, 2.2872078418732, 2.2575666904449, 2.2322723865509, 2.2145202159882, 2.2006008625031, 2.1890592575073, 2.1719310283661, 2.1540479660034, 2.1391096115112, 2.1277565956116, 2.1204481124878, 2.1124613285065, 2.1019239425659, 2.0952591896057, 2.0925149917602, 2.0936646461487, 2.0976254940033, 2.1014950275421, 2.1093046665192, 2.1211206912994, 2.1398105621338, 2.1567990779877, 2.1401133537292, 2.127747297287, 2.1183969974518, 2.1124567985535, 2.1113896369934, 2.1109566688538, 2.0958073139191, 2.0833990573883, 2.0750722885132, 2.0707838535309, 2.0684537887573, 2.0739088058472, 2.0822689533234, 2.0981080532074, 2.1194097995758, 2.1457822322845, 2.1713464260101, 2.1906321048737, 2.2095370292664, 2.2274565696716, 2.2557804584503, 2.2895855903626, 2.3030631542206, 2.3175337314606, 2.3203220367432, 2.3150229454041, 2.3021185398102, 2.2898788452148, 2.2793891429901, 2.2614982128143, 2.2503976821899, 2.2396018505096, 2.227067232132, 2.2147545814514, 2.2008047103882, 2.1880350112915, 2.1762766838074, 2.1691052913666, 2.1673786640167, 2.1682028770447, 2.175087928772, 2.1779992580414, 2.1693329811096, 2.1456184387207, 2.1248302459717, 2.1070039272308, 2.0952639579773, 2.0854318141937, 2.0652797222137, 2.0486724376678, 2.0359225273132, 2.0270006656647, 2.0219149589539
2.0394899845123, 2.0359110832214, 2.0357801914215, 2.0399167537689, 2.048362493515, 2.0566740036011, 2.065712928772, 2.0769228935242, 2.0935122966766, 2.1187288761139, 2.1424696445465, 2.1609869003296, 2.181099653244, 2.2036492824554, 2.223783493042, 2.2422530651092, 2.1931145191193, 2.1440970897675, 2.1016347408295, 2.0714571475983, 2.0463809967041, 2.0199403762817, 2.0001111030579, 1.9851537942886, 1.9743708372116, 1.9755957126617, 1.982380270958, 1.9902980327606, 1.9976726770401, 2.0164353847504, 2.0416712760925, 2.066525220871, 2.0896809101105, 2.1114020347595, 2.1346457004547, 2.1606087684631, 2.1871585845947, 2.2121021747589, 2.2311797142029, 2.2525608539581, 2.2657954692841, 2.2746124267578, 2.2780623435974, 2.2833230495453, 2.2889800071716, 2.3000304698944, 2.2940666675568, 2.2686712741852, 2.2474944591522, 2.2284789085388, 2.214005947113, 2.2004661560059, 2.1792705059052, 2.159989118576, 2.1444387435913, 2.132077217102, 2.1214592456818, 2.1077907085419, 2.0988020896912, 2.0944037437439, 2.0949249267578, 2.0991208553314, 2.1047732830048, 2.115079164505, 2.1301484107971, 2.1498613357544, 2.1617364883423, 2.1491696834564, 2.1414034366608, 2.1369395256042, 2.1333515644074, 2.1341276168823, 2.1216623783112, 2.1036653518677, 2.0920379161835, 2.0850684642792, 2.0826873779297, 2.08269572258, 2.0869281291962, 2.0972783565521, 2.1181356906891, 2.1442301273346, 2.1720938682556, 2.2047560214996, 2.2369525432587, 2.2560164928436, 2.2769272327423, 2.3089110851288, 2.3205313682556, 2.3109867572784, 2.3078193664551, 2.3109867572784, 2.3205316066742, 2.336585521698, 2.3593769073486, 2.3335962295532, 2.3137028217316, 2.2946040630341, 2.2830982208252, 2.2656536102295, 2.2474098205566, 2.2331185340881, 2.2256655693054, 2.2231683731079, 2.2168748378754, 2.2157247066498, 2.2062165737152, 2.2003533840179, 2.197155714035, 2.1919796466827, 2.1627490520477, 2.138769865036, 2.1247532367706, 2.1179459095001, 2.1138730049133, 2.0945653915405, 2.0764043331146, 2.0625548362732, 2.0521640777588, 2.0458588600159
2.0635244846344, 2.0574870109558, 2.0557842254639, 2.0583958625794, 2.064017534256, 2.0723576545715, 2.082225561142, 2.0966484546661, 2.1157758235931, 2.1398055553436, 2.1570451259613, 2.1758441925049, 2.2007122039795, 2.2308177947998, 2.2641623020172, 2.2348129749298, 2.1848282814026, 2.141996383667, 2.1009356975555, 2.0639481544495, 2.038560628891, 2.0168924331665, 1.9945479631424, 1.9799582958221, 1.9698544740677, 1.9655623435974, 1.9717353582382, 1.9842454195023, 1.9966766834259, 2.0154268741608, 2.0419216156006, 2.0719287395477, 2.1004292964935, 2.1149628162384, 2.1355907917023, 2.1626133918762, 2.1964242458344, 2.2375404834747, 2.2703382968903, 2.2866148948669, 2.2954158782959, 2.2967896461487, 2.296226978302, 2.3000705242157, 2.304842710495, 2.3144383430481, 2.3255865573883, 2.2991683483124, 2.2738499641419, 2.252373456955, 2.2356073856354, 2.2202086448669, 2.1939070224762, 2.1710731983185, 2.1537487506866, 2.1414651870727, 2.1324098110199, 2.1196575164795, 2.1113092899323, 2.1071343421936, 2.1075098514557, 2.1114094257355, 2.1169264316559, 2.1270658969879, 2.1419355869293, 2.1616835594177, 2.1672661304474, 2.1556258201599, 2.1484096050263, 2.1468737125397, 2.1479382514954, 2.1520979404449, 2.1332712173462, 2.1177308559418, 2.1061367988586, 2.0975425243378, 2.0959310531616, 2.0978810787201, 2.1044285297394, 2.1187052726746, 2.142233133316, 2.1724135875702, 2.2047510147095, 2.2400772571564, 2.2797617912292, 2.3139882087708, 2.3030381202698, 2.2807908058166, 2.2651195526123, 2.255802154541, 2.2527108192444, 2.255802154541, 2.2651197910309, 2.2807908058166, 2.3030381202698, 2.3321778774262, 2.3678524494171, 2.3487675189972, 2.3308176994324, 2.3080549240112, 2.2867732048035, 2.2693605422974, 2.2656729221344, 2.2692034244537, 2.2584109306335, 2.2417676448822, 2.2265274524689, 2.2115705013275, 2.2017540931702, 2.1951966285706, 2.1769032478333, 2.1586911678314, 2.1461703777313, 2.140869140625, 2.1395967006683, 2.1241674423218, 2.1042106151581, 2.0876746177673, 2.0779075622559, 2.0718967914581
2.0808482170105, 2.0669801235199, 2.0579013824463, 2.057799577713, 2.0631940364838, 2.0740714073181, 2.0902411937714, 2.1117823123932, 2.1355793476105, 2.1644847393036, 2.1800854206085, 2.1983504295349, 2.2226617336273, 2.2526450157166, 2.272029876709, 2.2222113609314, 2.1798903942108, 2.1391351222992, 2.1022081375122, 2.0681300163269, 2.036625623703, 2.0160775184631, 1.9971053600311, 1.9789532423019, 1.9698666334152, 1.9643397331238, 1.9671601057053, 1.978723526001, 1.9968192577362, 2.0159432888031, 2.045307636261, 2.0486776828766, 2.0571386814117, 2.0713720321655, 2.0915760993958, 2.1180400848389, 2.151154756546, 2.1914234161377, 2.2394833564758, 2.2961337566376, 2.3271307945252, 2.3240811824799, 2.3212466239929, 2.3208472728729, 2.322913646698, 2.3297984600067, 2.3375687599182, 2.3328609466553, 2.3059051036835, 2.280264377594, 2.2524809837341, 2.2289724349976, 2.2049629688263, 2.1839039325714, 2.1683495044708, 2.1581139564514, 2.1522805690765, 2.1392569541931, 2.1311671733856, 2.1278643608093, 2.129310131073, 2.1340394020081, 2.1397721767426, 2.1503374576569, 2.1658515930176, 2.1864669322967, 2.1852385997772, 2.1718256473541, 2.1634554862976, 2.1609122753143, 2.1671152114868, 2.1614196300507, 2.1430222988129, 2.1294302940369, 2.1214437484741, 2.1163170337677, 2.1138527393341, 2.1169590950012, 2.1240446567535, 2.1418926715851, 2.1694014072418, 2.1974086761475, 2.2381892204285, 2.2817647457123, 2.319821357727, 2.2841110229492, 2.255571603775, 2.2337830066681, 2.2184340953827, 2.2093098163605, 2.2062811851502, 2.2093098163605, 2.2184340953827, 2.2337830066681, 2.2555718421936, 2.2841110229492, 2.319821357727, 2.3632473945618, 2.3848776817322, 2.3551359176636, 2.32643699646, 2.3170104026794, 2.3013002872467, 2.2905561923981, 2.2781069278717, 2.2519400119781, 2.2282075881958, 2.2125744819641, 2.2087433338165, 2.2089002132416, 2.204496383667, 2.1855745315552, 2.1744170188904, 2.1658952236176, 2.1648640632629, 2.1566236019134, 2.1354541778565, 2.117457151413, 2.1040990352631, 2.0955862998962
2.1005628108978, 2.0865550041199, 2.0776350498199, 2.0736975669861, 2.074645280838, 2.0819413661957, 2.0944600105286, 2.115318775177, 2.1450080871582, 2.1780352592468, 2.1976497173309, 2.2217535972595, 2.2507345676422, 2.2783026695252, 2.2638502120972, 2.213525056839, 2.1707997322083, 2.135036945343, 2.1046614646912, 2.0733256340027, 2.0454785823822, 2.0194935798645, 2.0038673877716, 1.9868402481079, 1.973800778389, 1.9699258804321, 1.969433426857, 1.9794704914093, 1.9969656467438, 2.0128967761993, 2.0101380348206, 2.0128967761993, 2.0212104320526, 2.0351941585541, 2.0550451278687, 2.0810472965241, 2.1135845184326, 2.1531491279602, 2.2003691196442, 2.2560307979584, 2.3211076259613, 2.3550186157227, 2.3487484455109, 2.3489599227905, 2.3464148044586, 2.3497171401977, 2.3584516048431, 2.371246099472, 2.3303256034851, 2.2934157848358, 2.2629098892212, 2.2381739616394, 2.2176122665405, 2.1976017951965, 2.1830201148987, 2.1736967563629, 2.1696376800537, 2.1582159996033, 2.1508002281189, 2.1481730937958, 2.1508276462555, 2.158435344696, 2.1697826385498, 2.1814408302307, 2.1989107131958, 2.2214577198029, 2.2101767063141, 2.1933608055115, 2.1818244457245, 2.175434589386, 2.1790707111359, 2.1685757637024, 2.1533305644989, 2.1431338787079, 2.13711810112, 2.1336500644684, 2.1349771022797, 2.1410202980041, 2.14914894104, 2.1626389026642, 2.1836261749268, 2.2211947441101, 2.2653970718384, 2.3153820037842, 2.2793047428131, 2.2442178726196, 2.2161769866943, 2.1947696208954, 2.1796882152557, 2.1707229614258, 2.1677482128143, 2.1707229614258, 2.1796882152557, 2.1947696208954, 2.2161772251129, 2.2442178726196, 2.2793049812317, 2.3219721317291, 2.3728954792023, 2.4000482559204, 2.3711879253387, 2.3468759059906, 2.3175399303436, 2.293933391571, 2.2766830921173, 2.2572319507599, 2.2379174232483, 2.2245721817017, 2.2170243263245, 2.2151772975922, 2.2156937122345, 2.2003395557404, 2.1906418800354, 2.1864807605743, 2.1879370212555, 2.1866307258606, 2.160826921463, 2.1404805183411, 2.1254968643188, 2.1157002449036
2.1146552562714, 2.1007478237152, 2.0922825336456, 2.0891506671906, 2.0910158157349, 2.0974993705749, 2.108793258667, 2.1257312297821, 2.1485371589661, 2.175271987915, 2.203512430191, 2.2375626564026, 2.2779414653778, 2.3179833889008, 2.2676329612732, 2.2176356315613, 2.1708915233612, 2.1317219734192, 2.1020803451538, 2.0785615444183, 2.0551037788391, 2.0329356193542, 2.0125472545624, 2.0003180503845, 1.9865559339523, 1.9794141054153, 1.9804261922836, 1.9875897169113, 1.9920647144318, 1.9838707447052, 1.9811519384384, 1.9838709831238, 1.9920649528503, 2.0058469772339, 2.025411605835, 2.0510396957398, 2.0831065177917, 2.1221010684967, 2.1686406135559, 2.2234990596771, 2.287636756897, 2.3622531890869, 2.3844859600067, 2.3758509159088, 2.3697421550751, 2.3683562278748, 2.3719358444214, 2.3787732124329, 2.3519127368927, 2.3119864463806, 2.2805554866791, 2.2611184120178, 2.2406253814697, 2.2143824100494, 2.1943321228027, 2.1802082061768, 2.1718256473541, 2.1614830493927, 2.1556499004364, 2.1553876399994, 2.1606919765472, 2.170506477356, 2.1833438873291, 2.2024784088135, 2.2284467220306, 2.2605426311493, 2.2326619625092, 2.2078924179077, 2.1872525215149, 2.1832258701324, 2.1848101615906, 2.1701431274414, 2.1575918197632, 2.150313615799, 2.1472206115723, 2.1481606960297, 2.153974533081, 2.1631755828857, 2.173376083374, 2.190890789032, 2.2137191295624, 2.2402005195618, 2.2860519886017, 2.2884902954102, 2.2464375495911, 2.2118566036224, 2.1842200756073, 2.1631209850311, 2.1482574939728, 2.1394209861755, 2.1364893913269, 2.1394209861755, 2.1482577323914, 2.1631209850311, 2.1842203140259, 2.2118566036224, 2.2464375495911, 2.2884905338287, 2.3386788368225, 2.3978388309479, 2.3990015983581, 2.3657727241516, 2.338198184967, 2.3051660060883, 2.2766306400299, 2.2535433769226, 2.2340133190155, 2.2229244709015, 2.2162847518921, 2.2152006626129, 2.2198135852814, 2.2066819667816, 2.1984920501709, 2.1947414875031, 2.1965234279633, 2.1967120170593, 2.1708106994629, 2.1509652137756, 2.1369118690491, 2.1286952495575
2.1256327629089, 2.1137230396271, 2.107447385788, 2.1067221164703, 2.1096611022949, 2.1142303943634, 2.1205523014069, 2.1325895786285, 2.1505031585693, 2.1748611927033, 2.2061722278595, 2.2444331645966, 2.2869198322296, 2.3194229602814, 2.2698736190796, 2.2254157066345, 2.182599067688, 2.1459188461304, 2.1096761226654, 2.080561876297, 2.0626084804535, 2.0474841594696, 2.0306158065796, 2.015967130661, 2.0055832862854, 1.9964957237244, 1.9957146644592, 1.9828753471375, 1.9692505598068, 1.9611508846283, 1.9584628343582, 1.9611506462097, 1.9692505598068, 1.9828754663467, 2.0022158622742, 2.0275499820709, 2.0592498779297, 2.097797870636, 2.1438050270081, 2.1980345249176, 2.2614378929138, 2.3351991176605, 2.4104721546173, 2.3924107551575, 2.38063788414, 2.3747591972351, 2.3748893737793, 2.3806014060974, 2.3661284446716, 2.330527305603, 2.3019731044769, 2.2800641059876, 2.2609436511993, 2.2297348976135, 2.2050123214722, 2.1864380836487, 2.1737675666809, 2.1699464321137, 2.1725125312805, 2.1754775047302, 2.1831653118134, 2.1950554847717, 2.211437702179, 2.2337446212769, 2.2622683048248, 2.2873270511627, 2.2552673816681, 2.2297921180725, 2.2105553150177, 2.1972994804382, 2.190087556839, 2.1719596385956, 2.1593120098114, 2.1524631977081, 2.1513235569, 2.1558773517609, 2.1657919883728, 2.1786091327667, 2.1952788829803, 2.2168471813202, 2.2411870956421, 2.2734980583191, 2.3118948936462, 2.2622802257538, 2.2207102775574, 2.1865253448486, 2.159205198288, 2.1383473873138, 2.1236548423767, 2.1149199008942, 2.112021446228, 2.1149199008942, 2.1236550807953, 2.1383473873138, 2.1592054367065, 2.1865253448486, 2.2207105159759, 2.2622807025909, 2.3118948936462, 2.3703770637512, 2.4354696273804, 2.3870646953583, 2.3437201976776, 2.3079361915588, 2.2808091640472, 2.2626433372498, 2.2443680763245, 2.2320713996887, 2.2255058288574, 2.2231023311615, 2.2247674465179, 2.2133188247681, 2.2035663127899, 2.1995515823364, 2.2008445262909, 2.2023916244507, 2.1771943569183, 2.1583642959595, 2.1454360485077, 2.1382384300232
2.1376390457153, 2.1256160736084, 2.1179060935974, 2.1158707141876, 2.1184022426605, 2.1201634407044, 2.1276028156281, 2.139862537384, 2.1552135944366, 2.177337884903, 2.2089021205902, 2.2477676868439, 2.2942597866058, 2.3173499107361, 2.2697792053223, 2.2251415252685, 2.1907620429993, 2.1603355407715, 2.129355430603, 2.1013386249542, 2.0769746303558, 2.0587565898895, 2.0506076812744, 2.0388278961182, 2.03013920784, 2.0102257728577, 1.98510825634, 1.9659330844879, 1.9524246454239, 1.9443938732147, 1.9417293071747, 1.944393992424, 1.9524245262146, 1.9659330844879, 1.9851083755493, 2.0102257728577, 2.0416550636291, 2.079873085022, 2.1254870891571, 2.1792533397675, 2.2421157360077, 2.3152468204498, 2.4001088142395, 2.4004180431366, 2.385824918747, 2.3777070045471, 2.3755893707275, 2.3794350624084, 2.3705735206604, 2.3356075286865, 2.3078672885895, 2.2868256568909, 2.2702717781067, 2.2370975017548, 2.2108445167541, 2.1910846233368, 2.1774399280548, 2.1731877326965, 2.1764168739319, 2.1871192455292, 2.2037324905395, 2.2198090553284, 2.2309293746948, 2.248211145401, 2.2719089984894, 2.2932925224304, 2.2569539546967, 2.2276525497437, 2.2058670520783, 2.190756559372, 2.1809997558594, 2.166079044342, 2.1571724414825, 2.1541588306427, 2.1554968357086, 2.1601085662842, 2.1704096794128, 2.1863095760345, 2.208381652832, 2.2355241775513, 2.2665421962738, 2.3031122684479, 2.2921416759491, 2.2429509162903, 2.2017359733581, 2.1678423881531, 2.1407558917999, 2.1200768947601, 2.105509519577, 2.0968489646912, 2.0939753055573, 2.0968489646912, 2.105509519577, 2.1200768947601, 2.1407563686371, 2.1678426265717, 2.2017359733581, 2.2429513931274, 2.2921416759491, 2.3501236438751, 2.417914390564, 2.4001035690308, 2.3600721359253, 2.3276648521423, 2.301381111145, 2.2816443443298, 2.2625572681427, 2.2479822635651, 2.2393889427185, 2.2342031002045, 2.2336423397064, 2.2244939804077, 2.2133269309998, 2.2081120014191, 2.2087800502777, 2.2128047943115, 2.1870837211609, 2.1676363945007, 2.154196023941, 2.1465821266174
2.161942243576, 2.1464295387268, 2.1368093490601, 2.1288013458252, 2.1263284683227, 2.1321861743927, 2.1420211791992, 2.1556515693665, 2.1753304004669, 2.1996002197266, 2.2293984889984, 2.266175031662, 2.3104822635651, 2.3180341720581, 2.2779619693756, 2.2460086345673, 2.2056736946106, 2.1675190925598, 2.1441166400909, 2.1257379055023, 2.1042203903198, 2.0848939418793, 2.0717720985413, 2.0644197463989, 2.030063867569, 1.9988135099411, 1.9738386869431, 1.9547718763351, 1.9413402080536, 1.933354973793, 1.9307055473328, 1.933354973793, 1.9413404464722, 1.9547718763351, 1.9738385677338, 1.9988135099411, 2.030063867569, 2.068065404892, 2.113420009613, 2.1668813228607, 2.229386806488, 2.3021018505096, 2.3864829540253, 2.4076442718506, 2.3918986320496, 2.3810293674469, 2.3763537406921, 2.3781585693359, 2.372526884079, 2.338255405426, 2.3115582466126, 2.2903850078583, 2.2750556468964, 2.242326259613, 2.216472864151, 2.2022061347961, 2.1975929737091, 2.1975090503693, 2.202885389328, 2.2142107486725, 2.2311153411865, 2.2459380626678, 2.2502942085266, 2.260406255722, 2.2768521308899, 2.2902007102966, 2.2542283535004, 2.2253520488739, 2.2031469345093, 2.1871011257172, 2.1762881278992, 2.1658399105072, 2.157128572464, 2.1542904376984, 2.1572871208191, 2.166158914566, 2.1784238815308, 2.1945025920868, 2.2174251079559, 2.246993303299, 2.2836408615112, 2.3279237747192, 2.2791283130646, 2.2302172183991, 2.1892364025116, 2.1555354595184, 2.1286022663116, 2.1080410480499, 2.0935561656952, 2.0849447250366, 2.0820872783661, 2.0849447250366, 2.0935564041138, 2.1080410480499, 2.1286025047302, 2.1555354595184, 2.1892364025116, 2.2302176952362, 2.2791285514831, 2.33678150177, 2.4041874408722, 2.4098608493805, 2.3672587871552, 2.3366596698761, 2.3192043304443, 2.3035645484924, 2.2857103347778, 2.2658529281616, 2.2534148693085, 2.2497081756592, 2.2520370483398, 2.2468988895416, 2.2353942394257, 2.230813741684, 2.2321891784668, 2.2395393848419, 2.2151956558227, 2.1975746154785, 2.1846487522125, 2.1768987178802
2.1825017929077, 2.1603701114655, 2.1444704532623, 2.1348352432251, 2.1319944858551, 2.1389398574829, 2.1519527435303, 2.1710782051086, 2.1965863704681, 2.2190227508545, 2.2444367408752, 2.2791430950165, 2.321483373642, 2.3229110240936, 2.2869610786438, 2.253030538559, 2.226567029953, 2.2052705287933, 2.1728162765503, 2.1470448970795, 2.1275844573975, 2.1175298690796, 2.1045904159546, 2.062203168869, 2.0243093967438, 1.9931474924088, 1.968243598938, 1.9492309093475, 1.9358371496201, 1.9278744459152, 1.9252325296402, 1.9278745651245, 1.9358372688293, 1.9492309093475, 1.9682434797287, 1.993147611618, 2.0243093967438, 2.062203168869, 2.1074295043945, 2.1607394218445, 2.2230670452118, 2.2955768108368, 2.3797183036804, 2.4190559387207, 2.4013078212738, 2.3902831077576, 2.3858287334442, 2.3846390247345, 2.3768799304962, 2.3413722515106, 2.3131546974182, 2.2918145656586, 2.2792119979858, 2.256288766861, 2.2395892143249, 2.2291674613953, 2.2248795032501, 2.2214300632477, 2.2227253913879, 2.2302815914154, 2.2450325489044, 2.2568871974945, 2.2585694789887, 2.2664458751678, 2.2795126438141, 2.2885420322418, 2.2523710727692, 2.2229480743408, 2.2002062797546, 2.1838464736938, 2.1729438304901, 2.1627938747406, 2.1586241722107, 2.1603765487671, 2.1680750846863, 2.1793088912964, 2.1907031536102, 2.2061722278595, 2.2279853820801, 2.2564539909363, 2.2928547859192, 2.3301570415497, 2.2726678848267, 2.2238955497742, 2.1830303668976, 2.1494252681732, 2.1225686073303, 2.1020653247833, 2.0876216888428, 2.0790345668793, 2.076185464859, 2.0790345668793, 2.0876216888428, 2.1020653247833, 2.1225688457489, 2.1494252681732, 2.1830306053162, 2.2238960266113, 2.2726678848267, 2.3301575183868, 2.3973722457886, 2.4202711582184, 2.3825914859772, 2.3524088859558, 2.3292789459228, 2.3128707408905, 2.2987003326416, 2.2830712795258, 2.2734000682831, 2.2696161270142, 2.2720336914063, 2.2701153755188, 2.2602050304413, 2.2554297447205, 2.2568221092224, 2.2644009590149, 2.2422797679901, 2.2225918769836, 2.2092242240906, 2.2018442153931
2.193145275116, 2.1701166629791, 2.1533477306366, 2.142671585083, 2.1387186050415, 2.1473400592804, 2.1619896888733, 2.1828730106354, 2.2106974124908, 2.2325537204742, 2.2589499950409, 2.2923390865326, 2.3332238197327, 2.3361999988556, 2.2970633506775, 2.2664992809296, 2.2443239688873, 2.2271337509155, 2.2069866657257, 2.1902294158935, 2.1699814796448, 2.1560187339783, 2.1074292659759, 2.062203168869, 2.0243093967438, 1.9931474924088, 1.968243598938, 1.9492309093475, 1.9358372688293, 1.9278745651245, 1.9252325296402, 1.9278749227524, 1.9358372688293, 1.9492309093475, 1.9682434797287, 1.993147611618, 2.0243093967438, 2.062203168869, 2.1074295043945, 2.1607394218445, 2.2230670452118, 2.2955768108368, 2.3797183036804, 2.4441246986389, 2.4190328121185, 2.4009790420532, 2.38987159729, 2.3857214450836, 2.3782534599304, 2.3436868190765, 2.3163199424744, 2.2958085536957, 2.2818601131439, 2.2617042064667, 2.2476494312286, 2.2409875392914, 2.2413187026977, 2.2399463653565, 2.2397470474243, 2.2450704574585, 2.2566277980804, 2.2654852867127, 2.2651057243347, 2.2703936100006, 2.2795860767365, 2.2862296104431, 2.2501466274262, 2.2211737632752, 2.1994028091431, 2.1840114593506, 2.1746339797974, 2.1703984737396, 2.1721200942993, 2.1769118309021, 2.1858472824097, 2.200535774231, 2.2082672119141, 2.218551158905, 2.236129283905, 2.2657597064972, 2.3025870323181, 2.3301570415497, 2.2726678848267, 2.2238955497742, 2.1830306053162, 2.1494252681732, 2.1225686073303, 2.1020653247833, 2.0876216888428, 2.0790345668793, 2.076185464859, 2.0790345668793, 2.0876216888428, 2.1020653247833, 2.1225688457489, 2.1494252681732, 2.1830306053162, 2.2238960266113, 2.2726678848267, 2.3301575183868, 2.3973722457886, 2.4257099628449, 2.3875987529755, 2.3577084541321, 2.3348863124847, 2.3188052177429, 2.3055696487427, 2.2901780605316, 2.281210899353, 2.2785437107086, 2.2819809913635, 2.2818202972412, 2.2699525356293, 2.2643868923187, 2.2650465965271, 2.2713222503662, 2.2494184970856, 2.2300686836243, 2.2170629501343, 2.2115907669067
2.2016394138336, 2.1790056228638, 2.1626918315887, 2.1516668796539, 2.1498799324036, 2.1591949462891, 2.1747310161591, 2.196549654007, 2.2249639034271, 2.2465033531189, 2.271475315094, 2.3033857345581, 2.3427112102509, 2.3441016674042, 2.3202939033508, 2.3032188415527, 2.2824740409851, 2.256352186203, 2.2373361587524, 2.2302906513214, 2.2193403244019, 2.1668810844421, 2.113420009613, 2.068065404892, 2.030063867569, 1.9988135099411, 1.9738385677338, 1.9547719955444, 1.9413403272629, 1.9333548545837, 1.9307055473328, 1.9333548545837, 1.9413404464722, 1.9547719955444, 1.9738385677338, 1.9988135099411, 2.030063867569, 2.0680656433106, 2.113420009613, 2.1668813228607, 2.229386806488, 2.3021020889282, 2.3864829540253, 2.451046705246, 2.4266006946564, 2.4064373970032, 2.393063545227, 2.3862941265106, 2.3753836154938, 2.3425068855286, 2.3167359828949, 2.2988028526306, 2.2884547710419, 2.2702593803406, 2.2580006122589, 2.2519986629486, 2.2521703243256, 2.2498550415039, 2.2489182949066, 2.2541334629059, 2.265721321106, 2.2730085849762, 2.2685780525208, 2.2703614234924, 2.278760433197, 2.2862982749939, 2.2521693706513, 2.2250180244446, 2.2044494152069, 2.1897249221802, 2.1803276538849, 2.1760816574097, 2.1778078079224, 2.1860654354095, 2.2005529403687, 2.2213912010193, 2.2281262874603, 2.240362405777, 2.2589917182922, 2.2842786312103, 2.3165938854217, 2.3367810249329, 2.2791283130646, 2.2302172183991, 2.1892364025116, 2.1555354595184, 2.1286022663116, 2.1080410480499, 2.0935561656952, 2.0849447250366, 2.0820872783661, 2.0849447250366, 2.0935564041138, 2.1080410480499, 2.1286025047302, 2.1555354595184, 2.1892364025116, 2.2302176952362, 2.2791285514831, 2.33678150177, 2.4041874408722, 2.4324097633362, 2.3950393199921, 2.3651762008667, 2.342661857605, 2.3273315429688, 2.313857793808, 2.297963142395, 2.2885155677795, 2.2856993675232, 2.2894790172577, 2.2886829376221, 2.2737092971802, 2.2650871276856, 2.2626988887787, 2.2674374580383, 2.2472157478333, 2.2317876815796, 2.2226126194, 2.2195634841919
2.2072222232819, 2.1862943172455, 2.1716527938843, 2.1630916595459, 2.1616227626801, 2.1709847450256, 2.1864438056946, 2.2061359882355, 2.2321741580963, 2.2529640197754, 2.2771596908569, 2.3082120418549, 2.3465759754181, 2.3522734642029, 2.3302266597748, 2.3148324489594, 2.305878162384, 2.3026857376099, 2.3013188838959, 2.2874221801758, 2.2421154975891, 2.1792531013489, 2.1254873275757, 2.079873085022, 2.0416548252106, 2.0102257728577, 1.98510825634, 1.9659330844879, 1.9524247646332, 1.9443938732147, 1.9417291879654, 1.9443938732147, 1.9524247646332, 1.9659329652786, 1.9851084947586, 2.0102257728577, 2.0416550636291, 2.079873085022, 2.1254873275757, 2.1792533397675, 2.2421157360077, 2.3152468204498, 2.4001092910767, 2.4279184341431, 2.4102439880371, 2.3968648910523, 2.3879523277283, 2.3845641613007, 2.372311592102, 2.3453922271728, 2.3250532150269, 2.3082091808319, 2.2978355884552, 2.2794086933136, 2.2664005756378, 2.2582697868347, 2.2561407089233, 2.2540311813355, 2.2546832561493, 2.261137008667, 2.2726933956146, 2.2789821624756, 2.2739996910095, 2.27330327034, 2.278736114502, 2.2849841117859, 2.2533903121948, 2.2278504371643, 2.2088391780853, 2.1960861682892, 2.1892626285553, 2.1870396137238, 2.1907894611359, 2.2005631923676, 2.2164959907532, 2.2389340400696, 2.2451102733612, 2.2558739185333, 2.2729232311249, 2.296546459198, 2.3270826339722, 2.350123167038, 2.2921414375305, 2.2429509162903, 2.2017359733581, 2.1678426265717, 2.1407558917999, 2.1200766563416, 2.1055090427399, 2.0968489646912, 2.0939753055573, 2.0968489646912, 2.105509519577, 2.1200768947601, 2.1407563686371, 2.1678426265717, 2.2017359733581, 2.2429513931274, 2.2921416759491, 2.3501236438751, 2.417914390564, 2.443243265152, 2.4066934585571, 2.3775064945221, 2.3553521633148, 2.3399171829224, 2.3270998001099, 2.3106639385223, 2.3006846904755, 2.2970240116119, 2.2996318340302, 2.2952671051025, 2.2741546630859, 2.2595233917236, 2.2514958381653, 2.252200126648, 2.2338006496429, 2.223742723465, 2.2197523117065, 2.2212328910828
2.1936957836151, 2.176304101944, 2.1646554470062, 2.1668269634247, 2.1764698028565, 2.1799221038818, 2.1893486976624, 2.2048778533935, 2.2295515537262, 2.2509438991547, 2.2751247882843, 2.3060848712921, 2.3441400527954, 2.363677740097, 2.3548176288605, 2.3522534370422, 2.3460750579834, 2.3472058773041, 2.3487112522125, 2.3351988792419, 2.2614378929138, 2.198034286499, 2.1438047885895, 2.0977976322174, 2.0592498779297, 2.0275502204895, 2.0022156238556, 1.9828754663467, 1.9692505598068, 1.9611506462097, 1.9584627151489, 1.961150765419, 1.9692505598068, 1.9828754663467, 2.0022158622742, 2.0275499820709, 2.0592498779297, 2.097797870636, 2.1438050270081, 2.1980345249176, 2.2614378929138, 2.3351991176605, 2.4204425811768, 2.4006118774414, 2.3883221149445, 2.3805458545685, 2.377471446991, 2.3768329620361, 2.3662877082825, 2.347407579422, 2.3300528526306, 2.3167769908905, 2.3092758655548, 2.2749927043915, 2.2494463920593, 2.2409934997559, 2.2383389472961, 2.2392179965973, 2.2449548244476, 2.253965139389, 2.2684063911438, 2.2765567302704, 2.2679724693298, 2.2654011249542, 2.2688093185425, 2.2774188518524, 2.2502517700195, 2.229323387146, 2.2143609523773, 2.2051701545715, 2.2026131153107, 2.1994159221649, 2.2018990516663, 2.2103128433227, 2.2248551845551, 2.2460560798645, 2.2534985542297, 2.2647609710693, 2.2822859287262, 2.3054013252258, 2.3345818519592, 2.3703765869141, 2.3118946552277, 2.2622804641724, 2.2207105159759, 2.1865253448486, 2.159205198288, 2.1383481025696, 2.1236548423767, 2.1149199008942, 2.112021446228, 2.1149199008942, 2.1236550807953, 2.1383481025696, 2.159205198288, 2.1865253448486, 2.2207105159759, 2.2622809410095, 2.3118948936462, 2.3703773021698, 2.4387519359589, 2.450531244278, 2.4160237312317, 2.388808965683, 2.3684990406036, 2.3533916473389, 2.3393247127533, 2.3224074840546, 2.3119530677795, 2.3078193664551, 2.3099508285523, 2.3024909496307, 2.2777650356293, 2.2593393325806, 2.2471599578857, 2.2402305603027, 2.2232220172882, 2.2123267650604, 2.2073986530304, 2.2083716392517
2.1848089694977, 2.1797342300415, 2.1802449226379, 2.1866884231567, 2.1965334415436, 2.1985464096069, 2.2017431259155, 2.2106277942658, 2.2253131866455, 2.2446973323822, 2.2698209285736, 2.3019347190857, 2.3375761508942, 2.3622598648071, 2.3541395664215, 2.3520126342773, 2.355851650238, 2.3642840385437, 2.3769040107727, 2.3622531890869, 2.2876374721527, 2.22349858284, 2.1686403751373, 2.1221010684967, 2.0831065177917, 2.0510394573212, 2.0254123210907, 2.0058469772339, 1.9920648336411, 1.9838707447052, 1.9811519384384, 1.9838708639145, 1.9920648336411, 2.0058472156525, 2.0254125595093, 2.0510396957398, 2.0831065177917, 2.1221013069153, 2.1686408519745, 2.2234990596771, 2.2876377105713, 2.3622536659241, 2.3925993442535, 2.3782548904419, 2.3646588325501, 2.3568143844605, 2.357421875, 2.3617649078369, 2.3522653579712, 2.3426682949066, 2.3325345516205, 2.3258583545685, 2.3231580257416, 2.2891359329224, 2.2619314193726, 2.2411689758301, 2.2265911102295, 2.2235646247864, 2.228399515152, 2.2386991977692, 2.2545878887177, 2.26349401474, 2.2539579868317, 2.2491426467895, 2.2497334480286, 2.2559316158295, 2.2336483001709, 2.2191119194031, 2.2105717658997, 2.2079133987427, 2.2111010551453, 2.2080965042114, 2.2089860439301, 2.2137186527252, 2.2241668701172, 2.2404651641846, 2.2519705295563, 2.2619915008545, 2.2811892032623, 2.308732509613, 2.3432476520538, 2.3852386474609, 2.3386788368225, 2.2884902954102, 2.2464375495911, 2.2118566036224, 2.1842200756073, 2.1631209850311, 2.1482574939728, 2.1394219398499, 2.1364893913269, 2.1394219398499, 2.1482577323914, 2.1631209850311, 2.1842203140259, 2.2118566036224, 2.2464375495911, 2.2884905338287, 2.3386788368225, 2.3978388309479, 2.4670054912567, 2.4418199062347, 2.4171779155731, 2.3970518112183, 2.3773519992828, 2.3641514778137, 2.3494298458099, 2.3324460983276, 2.323896408081, 2.3204531669617, 2.3222088813782, 2.311586856842, 2.2868974208832, 2.2682752609253, 2.2558937072754, 2.2482833862305, 2.2281777858734, 2.2094788551331, 2.1965138912201, 2.1916823387146
2.2003140449524, 2.1956551074982, 2.1976597309113, 2.2060952186584, 2.216304063797, 2.2109684944153, 2.2115306854248, 2.2180004119873, 2.2306501865387, 2.2490837574005, 2.2676708698273, 2.2941119670868, 2.3170502185822, 2.3402879238129, 2.3350687026977, 2.3303246498108, 2.330096244812, 2.3392448425293, 2.354469537735, 2.3692171573639, 2.3211076259613, 2.2560307979584, 2.2003703117371, 2.1531491279602, 2.1135845184326, 2.0810472965241, 2.0550463199616, 2.0351941585541, 2.021210193634, 2.0128967761993, 2.010137796402, 2.0128967761993, 2.021210193634, 2.0351943969727, 2.0550463199616, 2.0810475349426, 2.1135845184326, 2.1531491279602, 2.2003705501556, 2.2560307979584, 2.3211078643799, 2.3399021625519, 2.339955329895, 2.3459074497223, 2.3382511138916, 2.3361554145813, 2.3361229896545, 2.3393180370331, 2.3347129821777, 2.330824136734, 2.3297774791717, 2.3303694725037, 2.3316946029663, 2.2982578277588, 2.2712018489838, 2.2505035400391, 2.2359201908112, 2.224050283432, 2.2173750400543, 2.2164719104767, 2.230441570282, 2.2394104003906, 2.2303183078766, 2.2280685901642, 2.2330250740051, 2.2435488700867, 2.2330069541931, 2.2225396633148, 2.2176623344421, 2.2183156013489, 2.2246570587158, 2.2186398506165, 2.2158191204071, 2.2186725139618, 2.2265839576721, 2.2394127845764, 2.2547783851624, 2.2679946422577, 2.2871952056885, 2.3089923858643, 2.341157913208, 2.3787181377411, 2.3728954792023, 2.3219718933106, 2.2793049812317, 2.2442178726196, 2.2161769866943, 2.1947696208954, 2.1796882152557, 2.1707229614258, 2.1677482128143, 2.1707229614258, 2.1796882152557, 2.1947696208954, 2.2161772251129, 2.2442178726196, 2.2793049812317, 2.3219723701477, 2.3728954792023, 2.4329206943512, 2.4408113956451, 2.4200863838196, 2.4053552150726, 2.3888461589813, 2.3765690326691, 2.3702728748322, 2.3574831485748, 2.3371016979217, 2.3230748176575, 2.3154592514038, 2.3186864852905, 2.3073823451996, 2.2909445762634, 2.2803177833557, 2.2719237804413, 2.2635397911072, 2.2404570579529, 2.2234055995941, 2.2123863697052, 2.20725274086
2.2211782932281, 2.2183051109314, 2.2210199832916, 2.22935962677, 2.2412188053131, 2.2345499992371, 2.2335550785065, 2.2382192611694, 2.2486019134522, 2.2585127353668, 2.2674016952515, 2.282103061676, 2.3028042316437, 2.3112134933472, 2.3135907649994, 2.3096778392792, 2.3131039142609, 2.3217525482178, 2.3246512413025, 2.3324890136719, 2.3250575065613, 2.296133518219, 2.2394833564758, 2.1914231777191, 2.151154756546, 2.1180400848389, 2.0915763378143, 2.0713720321655, 2.0571389198303, 2.0486779212952, 2.0458695888519, 2.0486779212952, 2.0571389198303, 2.0713720321655, 2.0915763378143, 2.1180403232574, 2.151154756546, 2.1914231777191, 2.2394833564758, 2.2961337566376, 2.3119175434113, 2.308164358139, 2.3001384735107, 2.301787853241, 2.3131365776062, 2.3105247020721, 2.3125276565552, 2.3129591941834, 2.3119089603424, 2.3135516643524, 2.3191621303558, 2.3290445804596, 2.3264398574829, 2.2971346378326, 2.2738215923309, 2.2581467628479, 2.2489416599274, 2.2348470687866, 2.226273059845, 2.2231600284576, 2.2254707813263, 2.2261030673981, 2.2178595066071, 2.2176251411438, 2.2225186824799, 2.2325947284699, 2.2259883880615, 2.2168340682983, 2.2159917354584, 2.2202818393707, 2.2294299602509, 2.2260048389435, 2.2216339111328, 2.2233939170837, 2.2306990623474, 2.2431635856628, 2.2571179866791, 2.2654147148132, 2.2782218456268, 2.2996091842651, 2.3157019615173, 2.3167734146118, 2.3328230381012, 2.3584794998169, 2.3198211193085, 2.2841107845306, 2.255571603775, 2.2337830066681, 2.2184343338013, 2.2093098163605, 2.2062811851502, 2.2093098163605, 2.2184343338013, 2.2337830066681, 2.2555713653565, 2.2841110229492, 2.319821357727, 2.3632471561432, 2.4150755405426, 2.414644241333, 2.3907396793366, 2.3903064727783, 2.3796379566193, 2.3703107833862, 2.3675808906555, 2.3688480854034, 2.3550109863281, 2.3430025577545, 2.3302738666534, 2.3228070735931, 2.3210763931274, 2.3068027496338, 2.2949106693268, 2.2852203845978, 2.2810306549072, 2.2772974967956, 2.2558147907257, 2.2403371334076, 2.2306661605835, 2.227180480957
2.2466540336609, 2.2402236461639, 2.2395827770233, 2.2448408603668, 2.2586328983307, 2.2514572143555, 2.2493207454681, 2.2527203559876, 2.2617001533508, 2.2731287479401, 2.2819466590881, 2.2782430648804, 2.2814340591431, 2.2893662452698, 2.2994949817658, 2.2987680435181, 2.3005254268646, 2.299920797348, 2.3064501285553, 2.2997343540192, 2.2936527729034, 2.2873413562775, 2.2808496952057, 2.2375404834747, 2.1964242458344, 2.1626131534576, 2.1355907917023, 2.1149625778198, 2.1004292964935, 2.0917904376984, 2.0889239311218, 2.0917904376984, 2.1004292964935, 2.1149625778198, 2.1355907917023, 2.1626136302948, 2.1964242458344, 2.2375404834747, 2.286612033844, 2.2907767295837, 2.2885539531708, 2.2812750339508, 2.2853207588196, 2.2835655212402, 2.2800312042236, 2.2926454544067, 2.2949512004852, 2.2918229103088, 2.2886238098145, 2.2922143936157, 2.3014822006226, 2.3153381347656, 2.3108870983124, 2.2924733161926, 2.2792773246765, 2.2711606025696, 2.2633416652679, 2.2473003864288, 2.2358543872833, 2.2300009727478, 2.2300546169281, 2.2309675216675, 2.2216289043427, 2.2176561355591, 2.2171945571899, 2.2196063995361, 2.2156374454498, 2.210245847702, 2.2099039554596, 2.2143883705139, 2.2235538959503, 2.2254362106323, 2.218982219696, 2.2175288200378, 2.2221856117249, 2.228506565094, 2.2400045394898, 2.2476551532745, 2.2562098503113, 2.2584328651428, 2.2528946399689, 2.2532119750977, 2.2537381649017, 2.2657363414764, 2.2627954483032, 2.2702147960663, 2.2938528060913, 2.2807908058166, 2.2651195526123, 2.255802154541, 2.2527108192444, 2.255802154541, 2.2651197910309, 2.2807908058166, 2.3030381202698, 2.3321778774262, 2.3686411380768, 2.3516802787781, 2.3467447757721, 2.3430368900299, 2.3460721969605, 2.3334600925446, 2.3469483852387, 2.347151517868, 2.3496000766754, 2.3416614532471, 2.33336186409, 2.3300836086273, 2.3263504505158, 2.3257329463959, 2.3285577297211, 2.3109633922577, 2.2990760803223, 2.2923908233643, 2.2909684181213, 2.288144826889, 2.2735955715179, 2.2639510631561, 2.2560896873474, 2.2540264129639
2.2676422595978, 2.2582414150238, 2.2528381347656, 2.2522177696228, 2.2564187049866, 2.2519917488098, 2.2530391216278, 2.2591927051544, 2.2705218791962, 2.2848114967346, 2.2772243022919, 2.2723426818848, 2.2721934318542, 2.2787272930145, 2.2878351211548, 2.2931268215179, 2.2942516803741, 2.2914168834686, 2.2880752086639, 2.2783915996552, 2.2699930667877, 2.2613203525543, 2.252733707428, 2.2421426773071, 2.2295491695404, 2.2155163288116, 2.1878345012665, 2.1667003631592, 2.1518120765686, 2.1429622173309, 2.1400246620178, 2.1429619789124, 2.15181183815, 2.1667006015778, 2.1878347396851, 2.2155163288116, 2.2408730983734, 2.2548661231995, 2.2634902000427, 2.2682173252106, 2.2699456214905, 2.2722840309143, 2.2746658325195, 2.2740471363068, 2.2837285995483, 2.2872071266174, 2.2838795185089, 2.279433965683, 2.2841265201569, 2.2925152778626, 2.3020553588867, 2.3147542476654, 2.2965567111969, 2.2749102115631, 2.2654297351837, 2.260281085968, 2.2580115795135, 2.2429106235504, 2.2327611446381, 2.2274615764618, 2.2268352508545, 2.2246971130371, 2.2120532989502, 2.2041993141174, 2.2010531425476, 2.2043466567993, 2.205287694931, 2.199369430542, 2.1982662677765, 2.2019646167755, 2.2106041908264, 2.2216174602509, 2.2141094207764, 2.211466550827, 2.2116720676422, 2.2031598091126, 2.2110822200775, 2.2110714912415, 2.2144565582275, 2.2015302181244, 2.1849918365478, 2.1720108985901, 2.1773555278778, 2.1638712882996, 2.1619122028351, 2.1576447486877, 2.1749267578125, 2.2152354717255, 2.2386393547058, 2.2618095874786, 2.2782514095306, 2.288542509079, 2.297171831131, 2.2996244430542, 2.2994406223297, 2.2820782661438, 2.2700448036194, 2.2629351615906, 2.2644419670105, 2.2669069766998, 2.2852566242218, 2.2900500297546, 2.2919008731842, 2.3089416027069, 2.3191103935242, 2.3147397041321, 2.3116343021393, 2.3082196712494, 2.3106021881103, 2.3177087306976, 2.3178360462189, 2.3031184673309, 2.2934730052948, 2.2886667251587, 2.2886517047882, 2.2866771221161, 2.2772829532623, 2.2705068588257, 2.2690017223358, 2.2729375362396
2.2735779285431, 2.2593867778778, 2.2502555847168, 2.2460889816284, 2.2430899143219, 2.2413861751556, 2.2430448532105, 2.2549295425415, 2.2726261615753, 2.2957231998444, 2.289553642273, 2.2822074890137, 2.2761046886444, 2.2791986465454, 2.2871706485748, 2.3001048564911, 2.2942800521851, 2.2875306606293, 2.2746422290802, 2.2636835575104, 2.252387046814, 2.2409772872925, 2.2319390773773, 2.2172303199768, 2.2035083770752, 2.1908686161041, 2.1797161102295, 2.1706440448761, 2.164247751236, 2.1608293056488, 2.1604478359222, 2.1628987789154, 2.1679718494415, 2.1757452487946, 2.1850774288177, 2.1978325843811, 2.2115893363953, 2.2265884876251, 2.235680103302, 2.2456467151642, 2.2538523674011, 2.260808467865, 2.2671415805817, 2.2777786254883, 2.2848320007324, 2.2920331954956, 2.2822222709656, 2.2776346206665, 2.2789015769959, 2.2857427597046, 2.2981724739075, 2.3132927417755, 2.2872879505158, 2.2691879272461, 2.2553374767303, 2.245530128479, 2.237904548645, 2.2242486476898, 2.2148950099945, 2.209707736969, 2.2087004184723, 2.2071220874786, 2.1982364654541, 2.1939811706543, 2.194317817688, 2.1992480754852, 2.2043824195862, 2.1987254619598, 2.194367647171, 2.1970043182373, 2.2041523456574, 2.2158324718475, 2.2043309211731, 2.1909265518188, 2.179220199585, 2.164039850235, 2.157961845398, 2.1592483520508, 2.1426517963409, 2.1403543949127, 2.1238675117493, 2.1089270114899, 2.0927093029022, 2.0764033794403, 2.0724639892578, 2.0623872280121, 2.0744731426239, 2.0898418426514, 2.1073327064514, 2.1128666400909, 2.1260046958923, 2.1334011554718, 2.1411600112915, 2.1457769870758, 2.1566579341888, 2.1490907669067, 2.1670744419098, 2.1764402389526, 2.1826190948486, 2.2065162658691, 2.2200322151184, 2.2377462387085, 2.2462935447693, 2.2559633255005, 2.2705626487732, 2.2841877937317, 2.285224199295, 2.288375377655, 2.2923498153687, 2.3000426292419, 2.2985353469849, 2.2972984313965, 2.2904279232025, 2.2843897342682, 2.2832660675049, 2.2785265445709, 2.2723305225372, 2.2711217403412, 2.2748844623566, 2.2836577892303
2.2593109607697, 2.2454881668091, 2.2367100715637, 2.2321212291717, 2.2316815853119, 2.2341392040253, 2.2401707172394, 2.2529644966126, 2.2659876346588, 2.2830674648285, 2.2884986400604, 2.2814633846283, 2.2789413928986, 2.2809119224548, 2.2872188091278, 2.2955152988434, 2.2978258132935, 2.2834572792053, 2.2680356502533, 2.2533574104309, 2.2381992340088, 2.2267336845398, 2.2137386798859, 2.1973464488983, 2.1825520992279, 2.1699919700623, 2.1587007045746, 2.1493735313416, 2.1431438922882, 2.1391880512238, 2.1388256549835, 2.1406841278076, 2.1454246044159, 2.1524202823639, 2.162106513977, 2.1744372844696, 2.1891849040985, 2.2051455974579, 2.2208423614502, 2.2260508537292, 2.2381484508514, 2.2499222755432, 2.2624464035034, 2.2730484008789, 2.2882359027863, 2.2863845825195, 2.2754673957825, 2.2744150161743, 2.2735226154327, 2.2816741466522, 2.2942028045654, 2.2910945415497, 2.2665188312531, 2.2474267482758, 2.233076095581, 2.2226572036743, 2.212543964386, 2.1997554302216, 2.1908192634583, 2.1856606006622, 2.1841585636139, 2.1835970878601, 2.1769688129425, 2.1747951507568, 2.1749331951141, 2.1786572933197, 2.18599152565, 2.1790859699249, 2.176591873169, 2.170398235321, 2.1671261787415, 2.172073841095, 2.1699845790863, 2.1448175907135, 2.1230356693268, 2.1168596744537, 2.0954051017761, 2.0695929527283, 2.0616543292999, 2.0543761253357, 2.038801908493, 2.0262117385864, 2.013115644455, 2.0011851787567, 1.9895626306534, 1.9805594682693, 1.9853391647339, 1.9828538894653, 1.9903167486191, 1.9912284612656, 1.9982076883316, 2.0034120082855, 2.009902715683, 2.0165810585022, 2.0303735733032, 2.0401046276092, 2.071263551712, 2.0876128673553, 2.1063227653503, 2.1339311599731, 2.1575493812561, 2.1789290904999, 2.1855819225311, 2.1881198883057, 2.2148189544678, 2.2369313240051, 2.254830121994, 2.2655124664307, 2.2748992443085, 2.2804429531097, 2.2775149345398, 2.278600692749, 2.2819035053253, 2.2889740467072, 2.2914910316467, 2.2812774181366, 2.2705883979797, 2.2646486759186, 2.2634027004242, 2.2704598903656
2.2403604984283, 2.2301731109619, 2.222526550293, 2.2185506820679, 2.2182159423828, 2.2201566696167, 2.2259712219238, 2.2373864650726, 2.2529389858246, 2.2727606296539, 2.291032075882, 2.2831888198852, 2.2790377140045, 2.2724709510803, 2.2760281562805, 2.2822329998016, 2.2905015945435, 2.282244682312, 2.2634952068329, 2.2451245784759, 2.2305035591126, 2.2188456058502, 2.200147151947, 2.1838552951813, 2.1681017875671, 2.1555635929108, 2.1436851024628, 2.1345107555389, 2.1278738975525, 2.1239373683929, 2.1233472824097, 2.1249206066132, 2.1293160915375, 2.1356246471405, 2.1456294059753, 2.1575400829315, 2.1728522777557, 2.1886863708496, 2.2059514522552, 2.2215783596039, 2.2268409729004, 2.24005651474, 2.2553405761719, 2.2729816436768, 2.2703795433044, 2.2574443817139, 2.2534673213959, 2.261447429657, 2.2624950408935, 2.273074388504, 2.2863137722015, 2.264664888382, 2.2393321990967, 2.2191951274872, 2.2063221931458, 2.1966636180878, 2.1853835582733, 2.1738295555115, 2.1656517982483, 2.1607983112335, 2.1591846942902, 2.1585640907288, 2.1514008045197, 2.1475315093994, 2.1462507247925, 2.1429862976074, 2.1382083892822, 2.129328250885, 2.1212794780731, 2.1167738437653, 2.1129288673401, 2.1042091846466, 2.0963091850281, 2.0908508300781, 2.0650565624237, 2.041604757309, 2.0158395767212, 1.9959616661072, 1.9874843358993, 1.9679695367813, 1.9558980464935, 1.9390081167221, 1.9281146526337, 1.9168940782547, 1.9079138040543, 1.9019836187363, 1.896527171135, 1.8936988115311, 1.8920946121216, 1.8920377492905, 1.8936899900436, 1.8979386091232, 1.9037870168686, 1.9136334657669, 1.9276647567749, 1.9467673301697, 1.9740606546402, 2.0023965835571, 2.0254187583923, 2.046667098999, 2.0722742080688, 2.0948443412781, 2.1204760074616, 2.1361520290375, 2.1463105678558, 2.182507276535, 2.2088701725006, 2.2328882217407, 2.2547628879547, 2.2480835914612, 2.2412881851196, 2.2542963027954, 2.2661049365997, 2.2748572826385, 2.2875263690949, 2.273273229599, 2.2623736858368, 2.2549498081207, 2.2509596347809, 2.2503745555878
2.2130725383759, 2.2046964168549, 2.2006306648254, 2.1996176242828, 2.2016303539276, 2.2062292098999, 2.2123053073883, 2.2234764099121, 2.2389914989471, 2.2548434734345, 2.2710053920746, 2.271824836731, 2.2667737007141, 2.265191078186, 2.2627131938934, 2.2605092525482, 2.2628197669983, 2.2640905380249, 2.2613472938538, 2.2437429428101, 2.2296075820923, 2.2115962505341, 2.1923828125, 2.1747856140137, 2.1600434780121, 2.1469793319702, 2.1349909305573, 2.1258344650269, 2.1187815666199, 2.1148524284363, 2.1139600276947, 2.1153388023377, 2.1194100379944, 2.1254584789276, 2.1349637508392, 2.1468987464905, 2.1612980365753, 2.178510427475, 2.1964931488037, 2.2142651081085, 2.2294545173645, 2.2375848293304, 2.2512304782867, 2.2474913597107, 2.2405247688294, 2.2349271774292, 2.228631734848, 2.2233159542084, 2.2315037250519, 2.2467436790466, 2.246814250946, 2.2252779006958, 2.202568769455, 2.1853060722351, 2.1740543842316, 2.1654624938965, 2.1542685031891, 2.1452450752258, 2.1372675895691, 2.1323380470276, 2.1304924488068, 2.1303009986877, 2.1184418201447, 2.1068387031555, 2.0976831912994, 2.0910856723785, 2.0872395038605, 2.0809364318848, 2.0712649822235, 2.0608994960785, 2.0477712154388, 2.033444404602, 2.0041272640228, 1.9949742555618, 1.9884816408157, 1.9700946807861, 1.9448930025101, 1.9301459789276, 1.9102692604065, 1.8950088024139, 1.8794926404953, 1.8647334575653, 1.8549363613129, 1.8426434993744, 1.8345160484314, 1.8288127183914, 1.8233468532562, 1.8208333253861, 1.8193845748901, 1.819331407547, 1.8208830356598, 1.8246606588364, 1.8301910161972, 1.8389867544174, 1.8514353036881, 1.8664325475693, 1.890384554863, 1.9154870510101, 1.9406532049179, 1.9598430395126, 1.9958455562592, 2.0210332870483, 2.0477042198181, 2.0725743770599, 2.0947680473328, 2.1185936927795, 2.1545677185059, 2.1873478889465, 2.1995310783386, 2.1992793083191, 2.2062401771545, 2.211540222168, 2.2116343975067, 2.229633808136, 2.2396860122681, 2.2333154678345, 2.2290406227112, 2.2268493175507, 2.2241795063019, 2.2231724262238
2.1725318431854, 2.1677184104919, 2.1651740074158, 2.1704001426697, 2.179345369339, 2.1900913715363, 2.1941459178925, 2.2009880542755, 2.2109816074371, 2.226824760437, 2.2478692531586, 2.2652246952057, 2.2536923885345, 2.2452318668366, 2.2408845424652, 2.2341227531433, 2.2217199802399, 2.217288017273, 2.2301249504089, 2.2449142932892, 2.2313878536224, 2.2092130184174, 2.1901204586029, 2.1718091964722, 2.1579756736755, 2.1436333656311, 2.1319124698639, 2.1228365898132, 2.1156628131866, 2.1118066310883, 2.1106114387512, 2.1118040084839, 2.115611076355, 2.1217706203461, 2.1299550533295, 2.1422808170319, 2.1561110019684, 2.1738057136536, 2.1917924880981, 2.2112653255463, 2.2310366630554, 2.2408666610718, 2.2188246250153, 2.211333990097, 2.2088296413422, 2.2056095600128, 2.2040047645569, 2.2052929401398, 2.2064843177795, 2.1996495723724, 2.1778509616852, 2.160454750061, 2.146712064743, 2.1370117664337, 2.1290171146393, 2.121520280838, 2.1111736297607, 2.1021485328674, 2.0954706668854, 2.091118812561, 2.0899784564972, 2.089653968811, 2.0761268138885, 2.063010931015, 2.0519697666168, 2.0429685115814, 2.0344936847687, 2.0255012512207, 2.0104651451111, 1.9881672859192, 1.963264465332, 1.9319932460785, 1.9212176799774, 1.9078588485718, 1.8947058916092, 1.884880065918, 1.8763704299927, 1.861564040184, 1.84386074543, 1.8286006450653, 1.8133543729782, 1.8008542060852, 1.789737701416, 1.778783082962, 1.7713919878006, 1.7656376361847, 1.7605463266373, 1.7581669092178, 1.7568498849869, 1.7568955421448, 1.7583042383194, 1.7616368532181, 1.7672017812729, 1.7748957872391, 1.7858773469925, 1.7995167970657, 1.8184876441956, 1.8408666849136, 1.8647613525391, 1.8852149248123, 1.9166119098663, 1.9465050697327, 1.9764025211334, 2.0069580078125, 2.033814907074, 2.06285572052, 2.0910623073578, 2.1127083301544, 2.1296138763428, 2.1425654888153, 2.1461734771728, 2.1507573127747, 2.1608119010925, 2.1727831363678, 2.1753196716309, 2.1764307022095, 2.1741600036621, 2.1731123924255, 2.1743466854095, 2.1778681278229
2.1403107643127, 2.1396818161011, 2.1412832736969, 2.1459312438965, 2.1548018455505, 2.1663069725037, 2.1738421916962, 2.180243730545, 2.1872704029083, 2.1971576213837, 2.2111396789551, 2.2275550365448, 2.2344329357147, 2.2178981304169, 2.2036473751068, 2.1870150566101, 2.1735064983368, 2.1831529140472, 2.193510055542, 2.190780878067, 2.1943125724792, 2.2009139060974, 2.1924757957459, 2.1753888130188, 2.1608500480652, 2.1463751792908, 2.1348857879639, 2.1254801750183, 2.1185212135315, 2.1146483421326, 2.1132545471191, 2.1142616271973, 2.1178963184357, 2.1241080760956, 2.1309983730316, 2.1433181762695, 2.1570599079132, 2.1737251281738, 2.1933131217956, 2.1996831893921, 2.1973037719727, 2.1867671012878, 2.182115316391, 2.1718831062317, 2.1689467430115, 2.179386138916, 2.1804316043854, 2.1817796230316, 2.1832563877106, 2.1540131568909, 2.1328203678131, 2.1101319789887, 2.090852022171, 2.0776586532593, 2.0685260295868, 2.0585079193115, 2.0466201305389, 2.0362701416016, 2.0274405479431, 2.0221395492554, 2.0203847885132, 2.0193781852722, 2.0057408809662, 1.9932461977005, 1.9819000959396, 1.9672075510025, 1.9532108306885, 1.9398509263992, 1.9226543903351, 1.8969702720642, 1.8676295280457, 1.8558512926102, 1.8334492444992, 1.8233720064163, 1.816558599472, 1.811777472496, 1.8001743555069, 1.789425611496, 1.7804952859879, 1.7688119411468, 1.7565226554871, 1.7447392940521, 1.7337162494659, 1.7239240407944, 1.7170711755753, 1.7113687992096, 1.7068145275116, 1.7043412923813, 1.7031675577164, 1.7033078670502, 1.7045673131943, 1.7075024843216, 1.7130968570709, 1.7198975086212, 1.729763507843, 1.7420012950897, 1.7564685344696, 1.7766908407211, 1.7978577613831, 1.8204942941666, 1.8464069366455, 1.882048368454, 1.9144313335419, 1.9438880681992, 1.9698442220688, 1.995512008667, 2.0196084976196, 2.0422518253326, 2.0663948059082, 2.081207036972, 2.0943014621735, 2.104412317276, 2.109005689621, 2.1104884147644, 2.1129610538483, 2.1142282485962, 2.1177673339844, 2.1235961914063, 2.1317365169525, 2.1422147750855
2.1112666130066, 2.1123886108398, 2.1153428554535, 2.1199877262116, 2.1264669895172, 2.1348831653595, 2.1424930095673, 2.1480917930603, 2.1498093605041, 2.1513209342956, 2.1572334766388, 2.1648240089416, 2.1736531257629, 2.179708480835, 2.1591739654541, 2.1405792236328, 2.1465547084808, 2.1421263217926, 2.1328747272491, 2.1323599815369, 2.1341190338135, 2.130081653595, 2.1338455677033, 2.1395087242127, 2.1387567520142, 2.1397640705109, 2.1409928798676, 2.1341829299927, 2.1274273395538, 2.123254776001, 2.1219253540039, 2.1227502822876, 2.1262180805206, 2.1324996948242, 2.1313052177429, 2.1315557956696, 2.1314256191254, 2.1300699710846, 2.1313223838806, 2.1287453174591, 2.1285288333893, 2.1321215629578, 2.1213281154633, 2.1290376186371, 2.1367788314819, 2.1349048614502, 2.1461479663849, 2.1572647094727, 2.1334927082062, 2.1053123474121, 2.0793840885162, 2.0613744258881, 2.0450050830841, 2.0336983203888, 2.0236630439758, 2.0019135475159, 1.9792470932007, 1.9639123678207, 1.9572814702988, 1.9509273767471, 1.9448671340942, 1.9391059875488, 1.9256898164749, 1.9116568565369, 1.8981857299805, 1.8835024833679, 1.8655230998993, 1.8463315963745, 1.8269234895706, 1.8075646162033, 1.7873578071594, 1.7710350751877, 1.7638819217682, 1.7589956521988, 1.7547399997711, 1.7448434829712, 1.7352298498154, 1.7300988435745, 1.7198921442032, 1.7095663547516, 1.7008868455887, 1.6925233602524, 1.683872461319, 1.6761527061462, 1.6700230836868, 1.6649178266525, 1.6608368158341, 1.6582117080689, 1.6573277711868, 1.6574522256851, 1.6585805416107, 1.6617615222931, 1.66679251194, 1.6728668212891, 1.6817538738251, 1.6926989555359, 1.7047692537308, 1.7215547561645, 1.7403528690338, 1.7604563236237, 1.7848000526428, 1.8150556087494, 1.8464143276215, 1.8789769411087, 1.9044815301895, 1.9299590587616, 1.9541518688202, 1.9778655767441, 2.0017385482788, 2.0229139328003, 2.0449476242065, 2.0596504211426, 2.0729312896728, 2.073569059372, 2.0759327411652, 2.0798621177673, 2.0854940414429, 2.0924091339111, 2.1012561321259, 2.1119730472565
2.0693988800049, 2.0695927143097, 2.0705626010895, 2.072301864624, 2.0780065059662, 2.0830364227295, 2.0889430046081, 2.0897693634033, 2.0917069911957, 2.0962948799133, 2.0980699062347, 2.0979611873627, 2.1003046035767, 2.1047339439392, 2.1097037792206, 2.1034026145935, 2.09308385849, 2.0838034152985, 2.0812466144562, 2.0760736465454, 2.0690417289734, 2.0698645114899, 2.0724220275879, 2.0680356025696, 2.0685615539551, 2.0667140483856, 2.0671734809876, 2.0668411254883, 2.0662565231323, 2.065434217453, 2.0654098987579, 2.0651381015778, 2.064404964447, 2.0642554759979, 2.0597205162048, 2.0614414215088, 2.0623233318329, 2.0608017444611, 2.0647265911102, 2.0668714046478, 2.0639584064484, 2.0704336166382, 2.0777680873871, 2.0745813846588, 2.084244966507, 2.0950422286987, 2.0926630496979, 2.0734531879425, 2.0549397468567, 2.0381362438202, 2.0254209041595, 2.0127902030945, 2.000684261322, 1.9849812984467, 1.9698232412338, 1.9512759447098, 1.9339483976364, 1.9177293777466, 1.902779340744, 1.8891180753708, 1.8766552209854, 1.8627970218658, 1.8453139066696, 1.8270794153214, 1.8096516132355, 1.7930614948273, 1.7773181200027, 1.7624238729477, 1.7483888864517, 1.7352086305618, 1.7228899002075, 1.7140460014343, 1.7100220918655, 1.7056266069412, 1.6969046592712, 1.6901262998581, 1.6848446130753, 1.6777437925339, 1.6678483486175, 1.6594593524933, 1.6539919376373, 1.6457518339157, 1.63805103302, 1.6315764188766, 1.6267695426941, 1.6226708889008, 1.6194010972977, 1.6181020736694, 1.6174374818802, 1.6176310777664, 1.6186825037003, 1.6223691701889, 1.6268635988236, 1.6322631835938, 1.6409051418304, 1.6507083177566, 1.66151034832, 1.6749874353409, 1.691712975502, 1.7097446918488, 1.7290042638779, 1.7561541795731, 1.781818151474, 1.8097605705261, 1.8444563150406, 1.8697340488434, 1.8948907852173, 1.9179029464722, 1.9413169622421, 1.9641064405441, 1.9876962900162, 2.0091533660889, 2.0191972255707, 2.0243012905121, 2.0289900302887, 2.0352175235748, 2.0427994728088, 2.0513017177582, 2.0607171058655, 2.0699746608734
2.0144708156586, 2.015819311142, 2.0174310207367, 2.0191557407379, 2.0211002826691, 2.0232663154602, 2.0262224674225, 2.0288836956024, 2.0277624130249, 2.0269827842712, 2.0274012088776, 2.0303199291229, 2.0315692424774, 2.0304992198944, 2.0320103168488, 2.0342676639557, 2.0367202758789, 2.0341920852661, 2.0265219211578, 2.0195744037628, 2.0164287090302, 2.0149736404419, 2.0105452537537, 2.0077216625214, 2.0066804885864, 2.0039818286896, 2.0037639141083, 2.0033736228943, 2.002279996872, 2.0014390945435, 2.0014162063599, 2.0012817382813, 2.001211643219, 2.0010788440704, 1.9982554912567, 2.0000996589661, 2.0020620822906, 2.00235247612, 2.0047278404236, 2.0088963508606, 2.0123133659363, 2.0143656730652, 2.0208897590637, 2.0281336307526, 2.025271654129, 2.0135333538055, 2.001763343811, 1.9901957511902, 1.979858994484, 1.9695142507553, 1.9547905921936, 1.9417657852173, 1.9321138858795, 1.9196301698685, 1.9022166728973, 1.8856655359268, 1.8692269325256, 1.8529411554336, 1.8368546962738, 1.8210055828095, 1.8054319620132, 1.7901674509049, 1.7750943899155, 1.7603230476379, 1.7459533214569, 1.7320187091827, 1.7185331583023, 1.7055252790451, 1.6930074691773, 1.6809951066971, 1.6748646497726, 1.6692982912064, 1.663867354393, 1.6575078964233, 1.651905298233, 1.646435379982, 1.6412649154663, 1.6320844888687, 1.6244621276856, 1.618839263916, 1.6135071516037, 1.6059230566025, 1.5990695953369, 1.5944278240204, 1.590026974678, 1.5863673686981, 1.5845572948456, 1.5836400985718, 1.5830456018448, 1.5832206010818, 1.5849561691284, 1.5885953903198, 1.5926207304001, 1.5974534749985, 1.6064116954804, 1.6152470111847, 1.624907374382, 1.6362950801849, 1.6504429578781, 1.6664662361145, 1.6834561824799, 1.7056258916855, 1.7272197008133, 1.7516647577286, 1.7796847820282, 1.8120330572128, 1.8383991718292, 1.8628104925156, 1.8859212398529, 1.9078339338303, 1.930606842041, 1.9413132667541, 1.9518593549728, 1.9608414173126, 1.9689002037048, 1.9773972034454, 1.9863184690475, 1.9956561326981, 2.0053894519806, 2.0136241912842
1.9493718147278, 1.9504714012146, 1.9519585371018, 1.953964471817, 1.9562200307846, 1.9587111473084, 1.9614392518997, 1.9643963575363, 1.9656180143356, 1.9643324613571, 1.9631334543228, 1.9620249271393, 1.9614114761352, 1.9630144834518, 1.9647989273071, 1.9641760587692, 1.9647493362427, 1.9660629034042, 1.9674224853516, 1.9685260057449, 1.9659163951874, 1.9615352153778, 1.9576444625855, 1.9555069208145, 1.9526777267456, 1.9503104686737, 1.9494916200638, 1.9486539363861, 1.947477221489, 1.9467347860336, 1.9466216564179, 1.9464470148086, 1.946680188179, 1.9470103979111, 1.9457097053528, 1.9473304748535, 1.9494321346283, 1.9517891407013, 1.9534969329834, 1.9571677446365, 1.9613615274429, 1.9612704515457, 1.9543845653534, 1.947270989418, 1.939918756485, 1.9316844940186, 1.923292517662, 1.9132215976715, 1.903173327446, 1.8940505981445, 1.8852014541626, 1.876388669014, 1.8668496608734, 1.8495265245438, 1.8307955265045, 1.8120086193085, 1.795642375946, 1.7816987037659, 1.7678973674774, 1.7542774677277, 1.7408654689789, 1.7276991605759, 1.7147076129913, 1.7019175291061, 1.6894574165344, 1.677353143692, 1.6656209230423, 1.6548033952713, 1.6482847929001, 1.6419221162796, 1.6357601881027, 1.6298137903214, 1.6243945360184, 1.6191939115524, 1.6140298843384, 1.608889579773, 1.6015467643738, 1.595123052597, 1.5894923210144, 1.5846358537674, 1.5790648460388, 1.5723305940628, 1.5675009489059, 1.5631526708603, 1.559229850769, 1.5569183826447, 1.5559018850327, 1.5549349784851, 1.5544004440308, 1.5545558929443, 1.5570688247681, 1.560529589653, 1.564128279686, 1.5684490203857, 1.5768865346909, 1.5856759548187, 1.5942999124527, 1.6037024259567, 1.6163787841797, 1.6298278570175, 1.6448789834976, 1.6620322465897, 1.6819868087769, 1.7014284133911, 1.724911570549, 1.7523049116135, 1.7813193798065, 1.810026049614, 1.8342691659927, 1.851683139801, 1.8647165298462, 1.8747786283493, 1.8847072124481, 1.895231962204, 1.9058935642242, 1.916100859642, 1.9258332252502, 1.9339638948441, 1.9424328804016, 1.9484699964523
1.8895449638367, 1.890860080719, 1.8921302556992, 1.8933480978012, 1.8945128917694, 1.8952960968018, 1.8975406885147, 1.899790763855, 1.9020478725433, 1.9032529592514, 1.9022208452225, 1.9029604196549, 1.9024201631546, 1.9015918970108, 1.9007601737976, 1.9011497497559, 1.9022386074066, 1.9033679962158, 1.9029029607773, 1.9030885696411, 1.9038145542145, 1.9045187234879, 1.9046741724014, 1.9052803516388, 1.9059796333313, 1.9046963453293, 1.9032789468765, 1.9018712043762, 1.9008399248123, 1.9001890420914, 1.8999502658844, 1.8997774124145, 1.8999811410904, 1.9005612134934, 1.9011054039002, 1.9025267362595, 1.9029071331024, 1.9006185531616, 1.8977665901184, 1.8923163414002, 1.8880128860474, 1.8834252357483, 1.8785642385483, 1.871905207634, 1.8656619787216, 1.8592324256897, 1.8520110845566, 1.8444398641586, 1.8370896577835, 1.8297752141952, 1.8215663433075, 1.8129415512085, 1.7980864048004, 1.7833108901977, 1.7686554193497, 1.7541595697403, 1.7398626804352, 1.7257995605469, 1.7113120555878, 1.6969046592712, 1.6853708028793, 1.6740272045136, 1.6628509759903, 1.6517953872681, 1.6410981416702, 1.6338142156601, 1.626565694809, 1.619548201561, 1.6129645109177, 1.6062521934509, 1.5994862318039, 1.5930622816086, 1.5880455970764, 1.5839490890503, 1.580261349678, 1.57614839077, 1.5708039999008, 1.5653007030487, 1.5604654550552, 1.5561661720276, 1.5503654479981, 1.5454905033112, 1.5414214134216, 1.5373530387878, 1.5349661111832, 1.5334829092026, 1.5324074029923, 1.5315124988556, 1.5310385227203, 1.5320838689804, 1.5344210863113, 1.5375605821609, 1.5409306287766, 1.5449949502945, 1.5527523756027, 1.5612051486969, 1.5691924095154, 1.5775518417358, 1.5881078243256, 1.5999871492386, 1.612575173378, 1.6264996528625, 1.6436043977737, 1.6606329679489, 1.6783529520035, 1.6996227502823, 1.7261227369309, 1.7493727207184, 1.771090388298, 1.7891508340836, 1.801265835762, 1.8149378299713, 1.8263968229294, 1.8378289937973, 1.8464986085892, 1.8553578853607, 1.8643822669983, 1.8735560178757, 1.8828504085541, 1.8881894350052
1.8316822052002, 1.8330619335175, 1.8349061012268, 1.8367762565613, 1.8386681079865, 1.84057700634, 1.8423569202423, 1.8431564569473, 1.8442180156708, 1.8463850021362, 1.8483620882034, 1.8476610183716, 1.8469521999359, 1.8462427854538, 1.8468316793442, 1.8475711345673, 1.8470678329468, 1.8465263843536, 1.8462862968445, 1.8469260931015, 1.8475456237793, 1.8472701311111, 1.8462861776352, 1.8469433784485, 1.8475407361984, 1.8480741977692, 1.8470637798309, 1.8468450307846, 1.8470599651337, 1.8471587896347, 1.8467415571213, 1.8453783988953, 1.844794511795, 1.8440587520599, 1.8431650400162, 1.8393082618713, 1.837038397789, 1.8351001739502, 1.8329594135284, 1.8295454978943, 1.8226757049561, 1.8164724111557, 1.8123668432236, 1.8080425262451, 1.8029698133469, 1.7963529825211, 1.7907558679581, 1.7846041917801, 1.7780911922455, 1.7715179920197, 1.7621766328812, 1.7498948574066, 1.7375822067261, 1.7252784967423, 1.7130138874054, 1.7008004188538, 1.6886688470841, 1.6766570806503, 1.6647917032242, 1.6530991792679, 1.641615986824, 1.6303576231003, 1.6196440458298, 1.6120223999023, 1.6046105623245, 1.5974183082581, 1.5904628038406, 1.5837564468384, 1.5773124694824, 1.5711436271668, 1.5663286447525, 1.562042593956, 1.5578764677048, 1.5534315109253, 1.5493049621582, 1.5455688238144, 1.5422286987305, 1.5392367839813, 1.5365926027298, 1.5326888561249, 1.5281791687012, 1.5242799520493, 1.5205444097519, 1.518145442009, 1.5162880420685, 1.5149729251862, 1.5138422250748, 1.5130122900009, 1.513081073761, 1.514585852623, 1.5166580677033, 1.5194051265717, 1.5226641893387, 1.5267517566681, 1.5336265563965, 1.5411146879196, 1.5492055416107, 1.5565828084946, 1.5651718378067, 1.5756405591965, 1.5867223739624, 1.5983989238739, 1.6113991737366, 1.6262513399124, 1.6410921812058, 1.6560651063919, 1.6723713874817, 1.6877310276032, 1.705735206604, 1.7245948314667, 1.74311876297, 1.7610932588577, 1.7704437971115, 1.7799439430237, 1.7895648479462, 1.7992812395096, 1.8094004392624, 1.8198554515839, 1.8284275531769, 1.8316005468368
1.780012011528, 1.7815457582474, 1.7829489707947, 1.7842137813568, 1.7856169939041, 1.7876698970795, 1.7896767854691, 1.7916367053986, 1.7935347557068, 1.7953734397888, 1.7971415519714, 1.7988379001617, 1.7997217178345, 1.799390912056, 1.7990266084671, 1.7986323833466, 1.7982013225555, 1.7978408336639, 1.7983939647675, 1.7987122535706, 1.7979037761688, 1.7970367670059, 1.7964586019516, 1.7970155477524, 1.7975224256516, 1.797150015831, 1.7957336902618, 1.7944183349609, 1.7945988178253, 1.7946825027466, 1.7942216396332, 1.7917501926422, 1.7906022071838, 1.7899782657623, 1.7892243862152, 1.7870209217072, 1.7831083536148, 1.7788228988648, 1.7770214080811, 1.7750524282455, 1.7721197605133, 1.766263961792, 1.7603911161423, 1.7545176744461, 1.7486572265625, 1.7440744638443, 1.73947930336, 1.7335976362228, 1.7270373106003, 1.7166528701782, 1.7061594724655, 1.6955906152725, 1.6849796772003, 1.6743602752686, 1.663761973381, 1.6533101797104, 1.6429928541184, 1.6327712535858, 1.6226758956909, 1.6127144098282, 1.6029115915299, 1.5932854413986, 1.5838638544083, 1.5769853591919, 1.5706224441528, 1.5644437074661, 1.5584617853165, 1.5535607337952, 1.548956990242, 1.5440889596939, 1.5394639968872, 1.5351330041885, 1.531098484993, 1.5273330211639, 1.5238559246063, 1.520672082901, 1.51777780056, 1.5151805877686, 1.5124742984772, 1.5099520683289, 1.5080754756927, 1.5067020654678, 1.5053528547287, 1.5038955211639, 1.5022617578507, 1.5009248256683, 1.4999196529388, 1.4995384216309, 1.5003635883331, 1.5016877651215, 1.5035140514374, 1.505889415741, 1.5090013742447, 1.5131698846817, 1.5192226171493, 1.5257999897003, 1.5329045057297, 1.5405031442642, 1.5474860668182, 1.5562752485275, 1.5654618740082, 1.5750877857208, 1.5851376056671, 1.5956901311874, 1.6075068712234, 1.6203634738922, 1.6335588693619, 1.6470643281937, 1.6624467372894, 1.674255490303, 1.6855368614197, 1.6970394849777, 1.7117433547974, 1.7271422147751, 1.7421137094498, 1.7517946958542, 1.7601059675217, 1.7684462070465, 1.7767906188965, 1.7783451080322
1.7344011068344, 1.7365925312042, 1.7385627031326, 1.7402994632721, 1.7418023347855, 1.7430598735809, 1.7440677881241, 1.744829416275, 1.7453334331513, 1.7463531494141, 1.7488555908203, 1.7512518167496, 1.7535372972488, 1.7557039260864, 1.7574037313461, 1.757068157196, 1.7568347454071, 1.7569162845612, 1.7563390731811, 1.7557122707367, 1.7550325393677, 1.75430727005, 1.7540905475616, 1.7545574903488, 1.7543238401413, 1.7532014846802, 1.7520098686218, 1.7507600784302, 1.7498590946198, 1.7499288320541, 1.7494254112244, 1.7473567724228, 1.7452144622803, 1.743781208992, 1.743154168129, 1.7424169778824, 1.7391523122788, 1.7358102798462, 1.732419013977, 1.7289865016937, 1.7257302999497, 1.7238253355026, 1.7192133665085, 1.7142734527588, 1.7093383073807, 1.7044270038605, 1.6974761486054, 1.6875640153885, 1.6775944232941, 1.6682105064392, 1.6593433618545, 1.6504098176956, 1.6414067745209, 1.6323181390762, 1.623278260231, 1.6143084764481, 1.6054365634918, 1.5966832637787, 1.5880658626556, 1.5795542001724, 1.5711368322372, 1.5628837347031, 1.5548188686371, 1.5482407808304, 1.5432069301605, 1.5383405685425, 1.5336467027664, 1.5291372537613, 1.5248203277588, 1.5207080841065, 1.5168085098267, 1.5131261348724, 1.5096774101257, 1.5064623355866, 1.5034884214401, 1.5005555152893, 1.4976681470871, 1.4950467348099, 1.493781208992, 1.4928185939789, 1.4913151264191, 1.4898611307144, 1.488694190979, 1.4878218173981, 1.4870679378509, 1.4865027666092, 1.4877190589905, 1.488746881485, 1.4897260665894, 1.4910571575165, 1.4927324056625, 1.495321393013, 1.4982621669769, 1.5026159286499, 1.5077358484268, 1.5132529735565, 1.5191556215286, 1.5254427194595, 1.5326886177063, 1.5396597385407, 1.5469053983688, 1.5551793575287, 1.5638091564179, 1.5727752447128, 1.5820773839951, 1.5919933319092, 1.6021963357925, 1.6132065057755, 1.6248472929001, 1.6366761922836, 1.64866065979, 1.6608829498291, 1.6707417964935, 1.6807156801224, 1.6907835006714, 1.7009168863297, 1.7110869884491, 1.7212617397308, 1.729371547699, 1.7319889068604
1.6892269849777, 1.6910192966461, 1.6926304101944, 1.6940488815308, 1.6960138082504, 1.6984162330627, 1.7007590532303, 1.7030450105667, 1.7052630186081, 1.7074047327042, 1.7094659805298, 1.7114427089691, 1.7133232355118, 1.713889837265, 1.7132872343063, 1.7155493497849, 1.7178757190704, 1.7200094461441, 1.7200011014938, 1.7194789648056, 1.7189202308655, 1.7183175086975, 1.718434214592, 1.7178957462311, 1.7170240879059, 1.7160959243774, 1.7151151895523, 1.7140786647797, 1.7123750448227, 1.7120858430862, 1.7115474939346, 1.7098395824432, 1.7080715894699, 1.7062436342239, 1.7043709754944, 1.7034952640533, 1.7020165920258, 1.6992563009262, 1.6964553594589, 1.6936147212982, 1.6907460689545, 1.6878609657288, 1.6849601268768, 1.6779203414917, 1.6698883771896, 1.6619689464569, 1.6539330482483, 1.6458125114441, 1.6376240253449, 1.629399061203, 1.6211619377136, 1.6129330396652, 1.604736328125, 1.5965958833695, 1.5891025066376, 1.5817049741745, 1.5743401050568, 1.567035317421, 1.5598068237305, 1.5526746511459, 1.5456513166428, 1.5387567281723, 1.5320103168488, 1.5254245996475, 1.521205663681, 1.5171233415604, 1.51318192482, 1.5093966722488, 1.5057724714279, 1.5023210048675, 1.4990425109863, 1.4957072734833, 1.492533326149, 1.4899978637695, 1.4879206418991, 1.486092209816, 1.4845094680786, 1.4831832647324, 1.4819577932358, 1.4802420139313, 1.4787635803223, 1.477530002594, 1.4764934778214, 1.4755289554596, 1.4752635955811, 1.4769792556763, 1.4790005683899, 1.4798966646195, 1.4807361364365, 1.4818654060364, 1.4832956790924, 1.4859919548035, 1.4901586771011, 1.4930555820465, 1.499054312706, 1.5037553310394, 1.5087819099426, 1.5141258239746, 1.5197793245316, 1.5266100168228, 1.5340595245361, 1.5405484437943, 1.5473711490631, 1.5549371242523, 1.5627602338791, 1.5708322525024, 1.5792379379273, 1.5880014896393, 1.5969576835632, 1.6060825586319, 1.6153597831726, 1.6247581243515, 1.6346023082733, 1.6446876525879, 1.6549334526062, 1.6639257669449, 1.6723113059998, 1.6806888580322, 1.6851087808609, 1.6872543096542
1.6516036987305, 1.6541422605515, 1.6564791202545, 1.6586102247238, 1.6605241298675, 1.6622202396393, 1.6636832952499, 1.6649168729782, 1.665909409523, 1.6666643619537, 1.6671707630158, 1.6674671173096, 1.6698752641678, 1.6721605062485, 1.6743077039719, 1.6763162612915, 1.6781747341156, 1.6798827648163, 1.6814289093018, 1.6828126907349, 1.6832752227783, 1.6823223829269, 1.6837065219879, 1.6848095655441, 1.6856279373169, 1.6852089166641, 1.6844141483307, 1.6835796833038, 1.6827019453049, 1.6812113523483, 1.6799380779266, 1.6785582304001, 1.6771268844605, 1.6756521463394, 1.674137711525, 1.6725875139236, 1.6696379184723, 1.6654626131058, 1.661053776741, 1.6563801765442, 1.6514536142349, 1.6463013887405, 1.6409357786179, 1.635376572609, 1.6296470165253, 1.6236487627029, 1.6172950267792, 1.6108498573303, 1.6043297052383, 1.5977540016174, 1.5911391973495, 1.5842076539993, 1.5774306058884, 1.570839047432, 1.5642914772034, 1.5578186511993, 1.5514250993729, 1.5451341867447, 1.5389580726624, 1.5329124927521, 1.5270962715149, 1.5212639570236, 1.5155938863754, 1.5100939273834, 1.5052384138107, 1.5018931627274, 1.498702287674, 1.4956736564636, 1.4928188323975, 1.4901418685913, 1.4876469373703, 1.485337972641, 1.4832224845886, 1.4813046455383, 1.4795845746994, 1.478066444397, 1.4766311645508, 1.4748202562332, 1.4732030630112, 1.4717795848846, 1.4704668521881, 1.4692686796188, 1.4693477153778, 1.4702572822571, 1.4714275598526, 1.472855091095, 1.4745433330536, 1.4753142595291, 1.4760102033615, 1.4769514799118, 1.4781377315521, 1.4809527397156, 1.4861959218979, 1.4884892702103, 1.4927397966385, 1.4985955953598, 1.5027750730515, 1.5072152614593, 1.511904835701, 1.5168392658234, 1.5226241350174, 1.529345870018, 1.5358817577362, 1.5425089597702, 1.5485504865646, 1.5548889636993, 1.5616937875748, 1.5686606168747, 1.5757737159729, 1.58320748806, 1.5907515287399, 1.5983788967133, 1.6060733795166, 1.6138153076172, 1.621581196785, 1.6293544769287, 1.6371043920517, 1.6428812742233, 1.645965218544, 1.6488753557205
1.6155346632004, 1.6174861192703, 1.619281411171, 1.620916724205, 1.6223841905594, 1.6236838102341, 1.6259515285492, 1.6282229423523, 1.6304203271866, 1.63254737854, 1.6345925331116, 1.6365479230881, 1.6384134292602, 1.6401776075363, 1.6418402194977, 1.6433897018433, 1.643089056015, 1.6425076723099, 1.6412975788116, 1.639346241951, 1.6387451887131, 1.6400135755539, 1.6410713195801, 1.6419142484665, 1.6425386667252, 1.6429407596588, 1.6431204080582, 1.6430813074112, 1.6428158283234, 1.6396349668503, 1.6385812759399, 1.6372776031494, 1.6357282400131, 1.6339446306229, 1.6319267749786, 1.6296864748001, 1.6272276639938, 1.6242069005966, 1.6198004484177, 1.6152302026749, 1.6108746528625, 1.606932759285, 1.6028230190277, 1.5985572338104, 1.594154715538, 1.5896272659302, 1.5849868059158, 1.5802526473999, 1.57544028759, 1.5704212188721, 1.5652849674225, 1.5601254701614, 1.5549618005753, 1.5498061180115, 1.5446698665619, 1.539568901062, 1.5345184803009, 1.5295306444168, 1.5246169567108, 1.5197929143906, 1.5150665044784, 1.5104494094849, 1.5059533119202, 1.5015897750855, 1.4973669052124, 1.4932688474655, 1.4907319545746, 1.4883239269257, 1.4860523939133, 1.4839214086533, 1.4819309711456, 1.4800926446915, 1.4784027338028, 1.4766503572464, 1.4747651815414, 1.4730206727982, 1.4713776111603, 1.4698125123978, 1.4692894220352, 1.4691724777222, 1.469269990921, 1.4695783853531, 1.4701013565064, 1.470831155777, 1.4717718362808, 1.47292304039, 1.4742773771286, 1.474925160408, 1.4754832983017, 1.4762405157089, 1.4771928787231, 1.4801239967346, 1.4843313694, 1.488464474678, 1.4904041290283, 1.494615316391, 1.4995486736298, 1.5046107769013, 1.5083651542664, 1.5123071670532, 1.5164325237274, 1.5207295417786, 1.5260491371155, 1.5316888093948, 1.5374573469162, 1.5430697202683, 1.5487054586411, 1.5544427633286, 1.5602620840073, 1.566147685051, 1.5715531110764, 1.5773839950561, 1.583265542984, 1.5892916917801, 1.5953410863876, 1.6013749837875, 1.606323838234, 1.6088217496872, 1.611194729805, 1.6134349107742
1.5887392759323, 1.5908681154251, 1.5928696393967, 1.5947397947311, 1.5964707136154, 1.5980589389801, 1.5994962453842, 1.6007791757584, 1.6019072532654, 1.6028733253479, 1.6036731004715, 1.6041831970215, 1.6044342517853, 1.6044923067093, 1.6043648719788, 1.6039088964462, 1.6029543876648, 1.6017953157425, 1.6010302305222, 1.6022396087647, 1.6033022403717, 1.6042178869247, 1.6049790382385, 1.6055858135223, 1.6060340404511, 1.6063237190247, 1.6064550876617, 1.6064242124558, 1.6036460399628, 1.6004699468613, 1.5994693040848, 1.5985342264175, 1.5974252223968, 1.596142411232, 1.5946934223175, 1.5930821895599, 1.5913163423538, 1.5893959999084, 1.5866912603378, 1.5833915472031, 1.5799797773361, 1.5764713287354, 1.5728702545166, 1.5691956281662, 1.5654515028, 1.5616571903229, 1.5578628778458, 1.5544201135635, 1.5509116649628, 1.5473492145538, 1.5437442064285, 1.5401043891907, 1.5364414453507, 1.5327706336975, 1.5290961265564, 1.5254293680191, 1.5217818021774, 1.518165230751, 1.5145679712295, 1.5109821557999, 1.5074622631073, 1.5040194988251, 1.5006655454636, 1.4974006414414, 1.4942399263382, 1.4911836385727, 1.4882470369339, 1.4857239723206, 1.4839504957199, 1.4823199510574, 1.4808285236359, 1.479487657547, 1.4782975912094, 1.4772583246231, 1.476377248764, 1.4756507873535, 1.4750789403915, 1.4746732711792, 1.4744220972061, 1.4743371009827, 1.474410533905, 1.4746423959732, 1.4750365018845, 1.4755928516388, 1.476303935051, 1.4771732091904, 1.4782010316849, 1.4787265062332, 1.4791475534439, 1.4797195196152, 1.4804844856262, 1.4835023880005, 1.48668217659, 1.49001288414, 1.4934904575348, 1.4957585334778, 1.4985173940659, 1.5023618936539, 1.5063301324844, 1.5104103088379, 1.5145910978317, 1.518404841423, 1.5217471122742, 1.5252013206482, 1.5287599563599, 1.5331184864044, 1.5375580787659, 1.542055606842, 1.5465958118439, 1.5511705875397, 1.5557647943497, 1.5602700710297, 1.5646827220917, 1.5690989494324, 1.5734922885895, 1.5764713287354, 1.5791181325913, 1.5816760063171, 1.5841373205185, 1.5864942073822
1.5609902143478, 1.5623559951782, 1.5636297464371, 1.5648074150085, 1.5658777952194, 1.5667525529861, 1.5674623250961, 1.5680453777313, 1.568498134613, 1.5688165426254, 1.5690007209778, 1.5690543651581, 1.5689700841904, 1.5687551498413, 1.5684059858322, 1.5693843364716, 1.5704317092895, 1.5713945627213, 1.5722655057907, 1.5730443000793, 1.5737271308899, 1.5743179321289, 1.5748052597046, 1.5751965045929, 1.5754842758179, 1.5750852823257, 1.5734164714813, 1.5716171264648, 1.5696989297867, 1.5676656961441, 1.566522359848, 1.5659201145172, 1.5652102231979, 1.5643854141235, 1.5634570121765, 1.5624212026596, 1.5612856149674, 1.5600502490997, 1.5587190389633, 1.557111620903, 1.5549056529999, 1.5526306629181, 1.5502980947495, 1.5479080677033, 1.545471906662, 1.5429973602295, 1.5404883623123, 1.5379563570023, 1.5354051589966, 1.5328422784805, 1.5302758216858, 1.5277129411697, 1.5251617431641, 1.5226259231567, 1.5201131105423, 1.5176309347153, 1.5151870250702, 1.5127855539322, 1.5104376077652, 1.5081394910812, 1.505906701088, 1.5037391185761, 1.5016444921493, 1.4996265172958, 1.4976891279221, 1.4958400726318, 1.4940828084946, 1.492421746254, 1.4908602237701, 1.4894024133682, 1.4881440401077, 1.4872387647629, 1.4864330291748, 1.4857310056686, 1.4851362705231, 1.4846452474594, 1.4842576980591, 1.4839814901352, 1.4838128089905, 1.4837552309036, 1.4838050603867, 1.4839622974396, 1.4842308759689, 1.4846068620682, 1.48508644104, 1.4856734275818, 1.4863678216934, 1.4867706298828, 1.4870584011078, 1.4874420166016, 1.4890954494476, 1.4911326169968, 1.4932771921158, 1.4955214262009, 1.4978579282761, 1.5002901554108, 1.5027991533279, 1.5053888559341, 1.507134437561, 1.5097010135651, 1.51249396801, 1.5153404474258, 1.5182409286499, 1.5211833715439, 1.5241605043411, 1.5271643400192, 1.5301874876022, 1.5332221984863, 1.5362606048584, 1.5392951965332, 1.5423107147217, 1.5451763868332, 1.5471791028976, 1.549135684967, 1.5510385036468, 1.5528800487518, 1.5546523332596, 1.5563558340073, 1.5579825639725, 1.5595285892487
1.5359445810318, 1.5368574857712, 1.5377591848373, 1.5386492013931, 1.5395240783691, 1.5403796434402, 1.5412125587463, 1.5420261621475, 1.5428131818771, 1.5435695648193, 1.5442992448807, 1.5449943542481, 1.5456591844559, 1.5462856292725, 1.5468777418137, 1.5474278926849, 1.5479358434677, 1.5479855537415, 1.5477486848831, 1.5474355220795, 1.5470458269119, 1.5465874671936, 1.5460525751114, 1.5454490184784, 1.5447766780853, 1.5440355539322, 1.5432295799255, 1.5423661470413, 1.5414379835129, 1.5404561758041, 1.5394208431244, 1.5388860702515, 1.5385422706604, 1.5381449460983, 1.5376942157745, 1.537193775177, 1.5366398096085, 1.536040186882, 1.5353944301605, 1.5347068309784, 1.5339733362198, 1.5332016944885, 1.5323880910873, 1.5314750671387, 1.5302793979645, 1.5290645360947, 1.5278307199478, 1.5265815258026, 1.5253208875656, 1.5240526199341, 1.5227805376053, 1.5215121507645, 1.5202400684357, 1.5189794301987, 1.5177265405655, 1.5164848566055, 1.5152624845505, 1.5140591859818, 1.5128787755966, 1.5117250680924, 1.5106019973755, 1.5095094442368, 1.5084512233734, 1.507431268692, 1.5064494609833, 1.505513548851, 1.5046235322952, 1.5037791728973, 1.5029846429825, 1.5022398233414, 1.50155210495, 1.5009179115295, 1.5003411769867, 1.4998215436935, 1.4993631839752, 1.4989659786224, 1.4986296892166, 1.4983584880829, 1.4981484413147, 1.4979993104935, 1.4979192018509, 1.4979001283646, 1.4979498386383, 1.4980605840683, 1.4982477426529, 1.4985457658768, 1.4989010095596, 1.4993096590042, 1.5001769065857, 1.5011013746262, 1.5020868778229, 1.5031222105026, 1.5042147636414, 1.5053530931473, 1.5065373182297, 1.5077674388886, 1.5090358257294, 1.510338306427, 1.511652469635, 1.5129934549332, 1.5143570899963, 1.5157400369644, 1.5171381235123, 1.5185515880585, 1.5199688673019, 1.5213937759399, 1.5228186845779, 1.5242320299149, 1.5250573158264, 1.5259053707123, 1.5267724990845, 1.5276548862457, 1.5285488367081, 1.5294580459595, 1.5303748846054, 1.5313031673431, 1.5322314500809, 1.5331635475159, 1.5340956449509, 1.5350201129913
1.5184059143066, 1.5184059143066, 1.5184059143066, 1.5184059143066, 1.5184059143066, 1.5184059143066, 1.5184059143066, 1.5184059143066, 1.5184059143066, 1.5184059143066, 1.5184059143066, 1.5184059143066, 1.5184059143066, 1.5184059143066, 1.5184059143066, 1.5184059143066, 1.5184059143066, 1.5184059143066, 1.5184059143066, 1.5184059143066, 1.5184059143066, 1.5184059143066, 1.5184059143066, 1.5184059143066, 1.5184059143066, 1.5184059143066, 1.5184059143066, 1.5184059143066, 1.5184059143066, 1.5184059143066, 1.5184059143066, 1.5184059143066, 1.5184059143066, 1.5184059143066, 1.5184059143066, 1.5184059143066, 1.5184059143066, 1.5184059143066, 1.5184059143066, 1.5184059143066, 1.5184059143066, 1.5184059143066, 1.5184059143066, 1.5184059143066, 1.5184059143066, 1.5184059143066, 1.5184059143066, 1.5184059143066, 1.5184059143066, 1.5184059143066, 1.5184059143066, 1.5184059143066, 1.5184059143066, 1.5184059143066, 1.5184059143066, 1.5184059143066, 1.5184059143066, 1.5184059143066, 1.5184059143066, 1.5184059143066, 1.5184059143066, 1.5184059143066, 1.5184059143066, 1.5184059143066, 1.5184059143066, 1.5184059143066, 1.5184059143066, 1.5184059143066, 1.5184059143066, 1.5184059143066, 1.5184059143066, 1.5184059143066, 1.5184059143066, 1.5184059143066, 1.5184059143066, 1.5184059143066, 1.5184059143066, 1.5184059143066, 1.5184059143066, 1.5184059143066, 1.5184059143066, 1.5184059143066, 1.5184059143066, 1.5184059143066, 1.5184059143066, 1.5184059143066, 1.5184059143066, 1.5184059143066, 1.5184059143066, 1.5184059143066, 1.5184059143066, 1.5184059143066, 1.5184059143066, 1.5184059143066, 1.5184059143066, 1.5184059143066, 1.5184059143066, 1.5184059143066, 1.5184059143066, 1.5184059143066, 1.5184059143066, 1.5184059143066, 1.5184059143066, 1.5184059143066, 1.5184059143066, 1.5184059143066, 1.5184059143066, 1.5184059143066, 1.5184059143066, 1.5184059143066, 1.5184059143066, 1.5184059143066, 1.5184059143066, 1.5184059143066, 1.5184059143066, 1.5184059143066, 1.5184059143066, 1.5184059143066, 1.5184059143066, 1.5184059143066
